TIME,POINT1,POINT2,POINT3
0.000000,199.975178,200.000000,199.975178
0.020000,199.955862,199.994496,199.955862
0.040000,199.939612,199.985930,199.939612
0.060000,199.925068,199.975660,199.925068
0.080000,199.911474,199.964442,199.911474
0.100000,199.898408,199.952697,199.898408
0.120000,199.885637,199.940659,199.885637
0.140000,199.873031,199.928459,199.873031
0.160000,199.860516,199.916168,199.860516
0.180000,199.848053,199.903827,199.848053
0.200000,199.835619,199.891459,199.835619
0.220000,199.823201,199.879076,199.823201
0.240000,199.810793,199.866685,199.810793
0.260000,199.798390,199.854290,199.798390
0.280000,199.785991,199.841893,199.785991
0.300000,199.773595,199.829496,199.773595
0.320000,199.761199,199.817098,199.761199
0.340000,199.748806,199.804701,199.748806
0.360000,199.736413,199.792304,199.736413
0.380000,199.724021,199.779908,199.724021
0.400000,199.711630,199.767513,199.711630
0.420000,199.699240,199.755118,199.699240
0.440000,199.686851,199.742724,199.686851
0.460000,199.674462,199.730331,199.674462
0.480000,199.662074,199.717939,199.662074
0.500000,199.649687,199.705548,199.649687
0.520000,199.637301,199.693157,199.637301
0.540000,199.624916,199.680767,199.624916
0.560000,199.612531,199.668377,199.612531
0.580000,199.600147,199.655989,199.600147
0.600000,199.587763,199.643601,199.587763
0.620000,199.575381,199.631213,199.575381
0.640000,199.562998,199.618827,199.562998
0.660000,199.550617,199.606440,199.550617
0.680000,199.538235,199.594055,199.538235
0.700000,199.525855,199.581669,199.525855
0.720000,199.513475,199.569285,199.513475
0.740000,199.501095,199.556900,199.501095
0.760000,199.488716,199.544516,199.488715
0.780000,199.476337,199.532133,199.476337
0.800000,199.463959,199.519750,199.463958
0.820000,199.451581,199.507368,199.451581
0.840000,199.439204,199.494987,199.439204
0.860000,199.426828,199.482606,199.426828
0.880000,199.414454,199.470227,199.414453
0.900000,199.402081,199.457849,199.402080
0.920000,199.389709,199.445473,199.389709
0.940000,199.377340,199.433100,199.377340
0.960000,199.364974,199.420729,199.364973
0.980000,199.352612,199.408362,199.352611
1.000000,199.340254,199.395999,199.340253
1.020000,199.327901,199.383642,199.327900
1.040000,199.315555,199.371291,199.315554
1.060000,199.303217,199.358948,199.303215
1.080000,199.290887,199.346613,199.290885
1.100000,199.278569,199.334292,199.278566
1.120000,199.266261,199.321976,199.266261
1.140000,199.253973,199.309689,199.253965
1.160000,199.241690,199.297389,199.241698
1.180000,199.229451,199.285170,199.229425
1.200000,199.217183,199.272848,199.217226
1.220000,199.205043,199.260802,199.204947
1.240000,199.192726,199.248287,199.192903
1.260000,199.180844,199.236777,199.180488
1.280000,199.168218,199.223419,199.168888
1.300000,199.157125,199.213707,199.155835
1.320000,199.143246,199.197208,199.145657
1.340000,199.134730,199.193581,199.130215
1.360000,199.116381,199.166149,199.124716
1.380000,199.116344,199.182818,199.101024
1.400000,199.082941,199.118882,199.110834
1.420000,199.110414,199.201740,199.059914
1.440000,199.028145,199.019683,199.118912
1.460000,199.143098,199.313407,198.980894
1.480000,198.906572,198.758931,199.194671
1.500000,199.294005,199.710020,198.785040
1.520000,198.581908,198.008211,199.476256
1.540000,199.802245,200.970222,198.238425
1.560000,197.655723,195.811550,200.377107
1.580000,201.383453,204.836464,196.668978
1.600000,195.009978,189.521335,203.141312
1.620000,206.219651,216.703439,192.256889
1.640000,187.793295,172.712109,211.652354
1.660000,221.359876,254.455525,180.856156
1.680000,170.954013,137.211402,238.939124
1.700000,270.743770,376.567595,159.392301
1.720000,153.192622,130.993804,325.270183
1.740000,403.114008,616.716004,170.384185
1.760000,232.570815,362.800898,474.920925
1.780000,500.349576,612.721199,322.813568
1.800000,386.912728,482.438496,499.781693
1.820000,501.817894,566.882995,429.529902
1.840000,467.145665,522.439973,498.930187
1.860000,499.582232,541.713410,484.850406
1.880000,495.131169,525.722802,503.148035
1.900000,505.697971,529.916533,502.469665
1.920000,506.933697,523.703861,508.538290
1.940000,511.098839,524.194137,509.530202
1.960000,512.293790,521.350082,511.962760
1.980000,513.939390,520.867618,512.709648
2.000000,514.455174,519.295715,513.702794
2.020000,514.978863,518.640784,514.022918
2.040000,515.030157,517.629688,514.335231
2.060000,515.034017,517.003754,514.344587
2.080000,514.830903,516.264180,514.307218
2.100000,514.591520,515.696792,514.123311
2.120000,514.259835,515.096555,513.900867
2.140000,513.908614,514.578376,513.605825
2.160000,513.517560,514.054631,513.287002
2.180000,513.119250,513.573414,512.933163
2.200000,512.706190,513.096005,512.567563
2.220000,512.293500,512.643302,512.186849
2.240000,511.878334,512.197666,511.802520
2.260000,511.467858,511.768478,511.413814
2.280000,511.060904,511.347458,511.026554
2.300000,510.660872,510.938915,510.640718
2.320000,510.267183,510.538822,510.259277
2.340000,509.881402,510.149170,509.882335
2.360000,509.503148,509.767903,509.511387
2.380000,509.133079,509.395911,509.146484
2.400000,508.770878,509.032067,508.788338
2.420000,508.416746,508.676719,508.436917
2.440000,508.070390,508.329188,508.092509
2.460000,507.731784,507.989550,507.755014
2.480000,507.400649,507.657344,507.424492
2.500000,507.076850,507.332507,507.100794
2.520000,506.760121,507.014690,506.783857
2.540000,506.450276,506.703760,506.473505
2.560000,506.147066,506.399430,506.169609
2.580000,505.850288,506.101533,505.871980
2.600000,505.559707,505.809822,505.580460
2.620000,505.275121,505.524117,505.294857
2.640000,504.996311,505.244194,505.014998
2.660000,504.723082,504.969875,504.740697
2.680000,504.455234,504.700957,504.471781
2.700000,504.192582,504.437265,504.208072
2.720000,503.934943,504.178615,503.949400
2.740000,503.682146,503.924843,503.695599
2.760000,503.434023,503.675778,503.446510
2.780000,503.190417,503.431268,503.201976
2.800000,502.951176,503.191159,502.961849
2.820000,502.716158,502.955309,502.725986
2.840000,502.485223,502.723578,502.494250
2.860000,502.258244,502.495838,502.266510
2.880000,502.035096,502.271962,502.042643
2.900000,501.815663,502.051833,501.822529
2.920000,501.599834,501.835339,501.606057
2.940000,501.387505,501.622374,501.393120
2.960000,501.178578,501.412838,501.183618
2.980000,500.972962,501.206638,500.977457
3.000000,500.770569,501.003685,500.774549
3.020000,500.571321,500.803898,500.574809
3.040000,500.375142,500.607199,500.378163
3.060000,500.181963,500.413518,500.184536
3.080000,499.991720,500.222790,499.993865
3.100000,499.804355,500.034953,499.806087
3.120000,499.619815,499.849954,499.621147
3.140000,499.438052,499.667742,499.438995
3.160000,499.259024,499.488273,499.259586
3.180000,499.082693,499.311509,499.082879
3.200000,498.909026,499.137414,498.908841
3.220000,498.737996,498.965959,498.737440
3.240000,498.569581,498.797120,498.568653
3.260000,498.403763,498.630879,498.402459
3.280000,498.240530,498.467220,498.238843
3.300000,498.079874,498.306134,498.077795
3.320000,497.921791,498.147616,497.919309
3.340000,497.766285,497.991668,497.763385
3.360000,497.613362,497.838293,497.610028
3.380000,497.463035,497.687502,497.459246
3.400000,497.315321,497.539310,497.311053
3.420000,497.170241,497.393737,497.165470
3.440000,497.027824,497.250808,497.022519
3.460000,496.888101,497.110553,496.882229
3.480000,496.751110,496.973006,496.744635
3.500000,496.616894,496.838209,496.609774
3.520000,496.485501,496.706205,496.477692
3.540000,496.356984,496.577045,496.348436
3.560000,496.231402,496.450786,496.222062
3.580000,496.108820,496.327488,496.098629
3.600000,495.989309,496.207218,495.978202
3.620000,495.872945,496.090049,495.860851
3.640000,495.759810,495.976058,495.746653
3.660000,495.649994,495.865330,495.635690
3.680000,495.543590,495.757954,495.528049
3.700000,495.440701,495.654028,495.423825
3.720000,495.341434,495.553652,495.323116
3.740000,495.245904,495.456936,495.226029
3.760000,495.154233,495.363995,495.132677
3.780000,495.066550,495.274952,495.043177
3.800000,494.982992,495.189935,494.957657
3.820000,494.903706,495.109082,494.876248
3.840000,494.828843,495.032537,494.799092
3.860000,494.758565,494.960452,494.726335
3.880000,494.693044,494.892987,494.658134
3.900000,494.632457,494.830311,494.594651
3.920000,494.576992,494.772598,494.536056
3.940000,494.526846,494.720033,494.482528
3.960000,494.482224,494.672810,494.434255
3.980000,494.443345,494.631131,494.391432
4.000000,494.410435,494.595208,494.354264
4.020000,494.383735,494.565263,494.322966
4.040000,494.363498,494.541531,494.297761
4.060000,494.349986,494.524256,494.278885
4.080000,494.343477,494.513691,494.266582
4.100000,494.344259,494.510104,494.261108
4.120000,494.352629,494.513769,494.262727
4.140000,494.368900,494.524974,494.271716
4.160000,494.393393,494.544017,494.288359
4.180000,494.426447,494.571207,494.312954
4.200000,494.468415,494.606866,494.345808
4.220000,494.519667,494.651332,494.387243
4.240000,494.580595,494.704958,494.437594
4.260000,494.651608,494.768112,494.497208
4.280000,494.733134,494.841179,494.566450
4.300000,494.825615,494.924557,494.645694
4.320000,494.929506,495.018656,494.735331
4.340000,495.045276,495.123900,494.835760
4.360000,495.173403,495.240721,494.947393
4.380000,495.314382,495.369566,495.070654
4.400000,495.468726,495.510895,495.205977
4.420000,495.636973,495.665188,495.353814
4.440000,495.819693,495.832944,495.514630
4.460000,496.017486,496.014688,495.688913
4.480000,496.230988,496.210969,495.877170
4.500000,496.460858,496.422357,496.079924
4.520000,496.707769,496.649441,496.297718
4.540000,496.972398,496.892817,496.531104
4.560000,497.255424,497.153088,496.780647
4.580000,497.557532,497.430860,497.046918
4.600000,497.879407,497.726745,497.330495
4.620000,498.221759,498.041369,497.631965
4.640000,498.585336,498.375381,497.951927
4.660000,498.970941,498.729463,498.291003
4.680000,499.379441,499.104333,498.649841
4.700000,499.811761,499.500750,499.029117
4.720000,500.268861,499.919507,499.429528
4.740000,500.751695,500.361406,499.851788
4.760000,501.261172,500.827238,500.296609
4.780000,501.798151,501.317770,500.764699
4.800000,502.363455,501.833740,501.256761
4.820000,502.957887,502.375868,501.773489
4.840000,503.582253,502.944863,502.315573
4.860000,504.237427,503.541476,502.883698
4.880000,504.924402,504.166515,503.478580
4.900000,505.644310,504.820861,504.100976
4.920000,506.398409,505.505465,504.751691
4.940000,507.188026,506.221326,505.431555
4.960000,508.014446,506.969466,506.141393
4.980000,508.878730,507.750803,506.882002
5.000000,509.781666,508.566145,507.654108
5.020000,510.723853,509.416171,508.458399
5.040000,511.705831,510.301471,509.295541
5.060000,512.728115,511.222538,510.166176
5.080000,513.791346,512.179930,511.070900
5.100000,514.896489,513.174354,512.010328
5.120000,516.044880,514.206735,512.985138
5.140000,517.238194,515.278127,513.996133
5.160000,518.478209,516.389695,515.044157
5.180000,519.766557,517.542619,516.130013
5.200000,521.104371,518.737913,517.254409
5.220000,522.491782,519.976113,518.417874
5.240000,523.928203,521.257408,519.620741
5.260000,525.412944,522.581783,520.863352
5.280000,526.945554,523.949095,522.146079
5.300000,528.525740,525.359007,523.469234
5.320000,530.153951,526.811658,524.833100
5.340000,531.831691,528.307719,526.238054
5.360000,533.561259,529.848550,527.684634
5.380000,535.345456,531.435554,529.173596
5.400000,537.186546,533.069983,530.705524
5.420000,539.085614,534.752790,532.280699
5.440000,541.041811,536.484218,533.899076
5.460000,543.051059,538.262980,535.560097
5.480000,545.108733,540.087792,537.263094
5.500000,547.211853,541.957068,539.008094
5.520000,549.359202,543.869357,540.795218
5.540000,551.550194,545.822637,542.624392
5.560000,553.787098,547.817093,544.495588
5.580000,556.074410,549.854027,546.409059
5.600000,558.417121,551.936911,548.364959
5.620000,560.820503,554.068038,550.363769
5.640000,563.285882,556.247904,552.404886
5.660000,565.811900,558.476669,554.486973
5.680000,568.388917,560.751227,556.608472
5.700000,571.000763,563.065885,558.766673
5.720000,573.635712,565.418176,560.960323
5.740000,576.292126,567.805381,563.190698
5.760000,578.972856,570.225159,565.458716
5.780000,581.683439,572.674261,567.765002
5.800000,584.435384,575.154820,570.110238
5.820000,587.240443,577.670443,572.495184
5.840000,590.105996,580.230135,574.918491
5.860000,593.040704,582.836840,577.378590
5.880000,596.037043,585.486154,579.870159
5.900000,599.080110,588.173409,582.388727
5.920000,602.138979,590.888721,584.931563
5.940000,605.181154,593.623592,587.494816
5.960000,608.192035,596.382698,590.080355
5.980000,611.184700,599.164395,592.692811
6.000000,614.171022,601.960116,595.334662
6.020000,617.175352,604.772051,598.008602
6.040000,620.227460,607.597354,600.715927
6.060000,623.347238,610.442986,603.462412
6.080000,626.567365,613.327369,606.240547
6.100000,629.872593,616.250887,609.042454
6.120000,633.238322,619.201844,611.851917
6.140000,636.638628,622.165655,614.668506
6.160000,640.033196,625.139865,617.493358
6.180000,643.372747,628.127984,620.322166
6.200000,646.600709,631.143717,623.143671
6.220000,649.691067,634.151115,625.945484
6.240000,652.588138,637.118889,628.727133
6.260000,655.377103,640.057810,631.518248
6.280000,658.184268,642.978693,634.344561
6.300000,661.113669,645.890150,637.233315
6.320000,664.225145,648.788987,640.174961
6.340000,667.527529,651.673864,643.147561
6.360000,670.990098,654.542857,646.123896
6.380000,674.552234,657.371174,649.074021
6.400000,678.146646,660.263724,651.965642
6.420000,681.714167,663.284861,654.792462
6.440000,685.206661,666.429288,657.548717
6.460000,688.831666,669.640860,660.215516
6.480000,692.358703,672.845880,662.852888
6.500000,695.704538,675.988143,665.555356
6.520000,698.834857,679.042282,668.357136
6.540000,701.790683,682.041229,671.258755
6.560000,704.583003,684.970329,674.237196
6.580000,707.231126,687.821141,677.252929
6.600000,709.757005,690.589395,680.260931
6.620000,712.178521,693.272984,683.222128
6.640000,714.506741,696.056333,686.107721
6.660000,716.771240,698.752656,688.930196
6.680000,718.984521,701.342839,691.666134
6.700000,721.144696,703.842028,694.300578
6.720000,723.240247,706.262055,696.827855
6.740000,725.278540,708.604187,699.390463
6.760000,727.229436,710.882632,701.877541
6.780000,729.057084,713.079624,704.270545
6.800000,730.727652,715.179673,706.575855
6.820000,732.216471,717.180285,708.803036
6.840000,733.503329,719.099945,710.958017
6.860000,734.576948,720.948889,713.042734
6.880000,735.438231,722.732281,715.054257
6.900000,736.375687,724.468436,716.996506
6.920000,737.575484,726.172071,718.870831
6.940000,739.070604,727.815238,720.688436
6.960000,740.872994,729.372463,722.452012
6.980000,742.960823,730.821801,724.159376
7.000000,745.287083,732.155720,725.804921
7.020000,747.780940,733.361950,727.393270
7.040000,750.360010,734.427673,728.908290
7.060000,752.945285,735.339407,730.329993
7.080000,755.471673,736.282306,731.638691
7.100000,757.891473,737.481927,732.821826
7.120000,760.172005,738.971004,733.872012
7.140000,762.292653,740.759705,734.781737
7.160000,764.242343,742.821925,735.546266
7.180000,766.023419,745.090194,736.456221
7.200000,767.666387,747.478273,737.602189
7.220000,769.200778,749.894207,739.018714
7.240000,770.653862,752.259313,740.725394
7.260000,772.048260,754.520207,742.715905
7.280000,773.401192,756.650675,744.951066
7.300000,774.724629,758.645293,747.360754
7.320000,776.024513,760.509455,749.857071
7.340000,777.301625,762.252037,752.349951
7.360000,778.558843,763.880521,754.762239
7.380000,779.790351,765.424516,757.038187
7.400000,780.988591,766.907386,759.146589
7.420000,782.146162,768.346582,761.076247
7.440000,783.256456,769.753875,762.829712
7.460000,784.314031,771.134835,764.423171
7.480000,785.317743,772.490558,765.892358
7.500000,786.268167,773.817622,767.270721
7.520000,787.167303,775.109800,768.587731
7.540000,788.018161,776.360362,769.867412
7.560000,788.824189,777.563911,771.127089
7.580000,789.589130,778.717498,772.376892
7.600000,790.316573,779.820555,773.619573
7.620000,791.009657,780.874097,774.851473
7.640000,791.670921,781.879679,776.064514
7.660000,792.302315,782.839388,777.248541
7.680000,792.979515,783.760916,778.393489
7.700000,793.641432,784.645102,779.492077
7.720000,794.270819,785.494404,780.538603
7.740000,794.863209,786.310213,781.529555
7.760000,795.418243,787.093244,782.464443
7.780000,795.936938,787.843775,783.345462
7.800000,796.432324,788.572742,784.176451
7.820000,796.901615,789.274914,784.963388
7.840000,797.342410,789.946454,785.711397
7.860000,797.753845,790.585459,786.424844
7.880000,798.136165,791.191446,787.107284
7.900000,798.490262,791.764834,787.761332
7.920000,798.817339,792.306533,788.388616
7.940000,799.118725,792.817670,788.989858
7.960000,799.395729,793.299473,789.569106
7.980000,799.649583,793.754225,790.124964
8.000000,799.881409,794.183273,790.655521
8.020000,800.092224,794.587486,791.159207
8.040000,801.118510,795.024018,791.634947
8.060000,801.765150,795.436512,792.091482
8.080000,802.211578,795.822375,792.525448
8.100000,802.538394,796.179593,792.934590
8.120000,802.786546,796.508434,793.317811
8.140000,802.978595,796.809925,793.675044
8.160000,803.127874,797.085327,794.006867
8.180000,803.307381,797.398831,794.314210
8.200000,803.461899,797.687917,794.603306
8.220000,803.583070,797.944154,794.873027
8.240000,803.672234,798.168698,795.122665
8.260000,803.732690,798.364469,795.351844
8.280000,803.767705,798.534185,795.560709
8.300000,803.780077,798.680141,795.749659
8.320000,803.772116,798.804241,795.919185
8.340000,803.745713,798.907801,796.069808
8.360000,803.702431,798.992152,796.201974
8.380000,803.643558,799.058474,796.312881
8.400000,803.569925,799.106940,796.403964
8.420000,803.482315,799.138243,796.476915
8.440000,803.381509,799.153292,796.533126
8.460000,803.268267,799.153019,796.573699
8.480000,803.143314,799.138297,796.599526
8.500000,803.007329,799.106753,796.611362
8.520000,802.860947,799.060797,796.609087
8.540000,802.704616,799.002124,796.593186
8.560000,802.538800,798.931837,796.564370
8.580000,802.360914,798.850695,796.523365
8.600000,802.171580,798.718120,796.470834
8.620000,801.972257,798.575936,796.400560
8.640000,801.763453,798.430756,796.315630
8.660000,801.546234,798.282908,796.218877
8.680000,801.321677,798.131582,796.112171
8.700000,801.090695,797.976002,795.996657
8.720000,800.816068,797.815618,795.873051
8.740000,800.524756,797.643811,795.741829
8.760000,800.228798,797.462935,795.602561
8.780000,799.932906,797.275132,795.455380
8.800000,799.105045,797.040264,795.300666
8.820000,798.492659,796.801542,795.135441
8.840000,797.996024,796.562216,794.961639
8.860000,797.567589,796.323826,794.780511
8.880000,797.181803,796.086287,794.593003
8.900000,796.823889,795.849035,794.399781
8.920000,796.484803,795.611446,794.201322
8.940000,796.158757,795.372980,793.997981
8.960000,795.841902,795.133213,793.790041
8.980000,795.531604,794.891830,793.577739
9.000000,795.226012,794.648608,793.361281
9.020000,794.923803,794.403399,793.140853
9.040000,794.624039,794.156116,792.916629
9.060000,794.326022,793.906708,792.688773
9.080000,794.029232,793.655160,792.457442
9.100000,793.733274,793.401480,792.222788
9.120000,793.437849,793.145696,791.984955
9.140000,793.142727,792.887847,791.744088
9.160000,792.847735,792.627985,791.500322
9.180000,792.552738,792.366199,791.253798
9.200000,792.257644,792.102575,791.004653
9.220000,791.962382,791.837193,790.753023
9.240000,791.666904,791.570131,790.499036
9.260000,791.371174,791.301466,790.242815
9.280000,791.075171,791.031271,789.984480
9.300000,790.778881,790.759621,789.724143
9.320000,790.482301,790.486586,789.461911
9.340000,790.185432,790.212237,789.197889
9.360000,789.888280,789.936642,788.932177
9.380000,789.590857,789.659867,788.664888
9.400000,789.293196,789.382001,788.396116
9.420000,788.995316,789.103106,788.125952
9.440000,788.697243,788.823251,787.854481
9.460000,788.399001,788.542498,787.581788
9.480000,788.100613,788.260908,787.307951
9.500000,787.802102,787.978538,787.033047
9.520000,787.503493,787.695443,786.757147
9.540000,787.204810,787.411679,786.480322
9.560000,786.906079,787.127299,786.202640
9.580000,786.607323,786.842355,785.924164
9.600000,786.308569,786.556896,785.644957
9.620000,786.009840,786.270973,785.365084
9.640000,785.711168,785.984639,785.084606
9.660000,785.412580,785.697943,784.803580
9.680000,785.114106,785.410936,784.522062
9.700000,784.815773,785.123663,784.240106
9.720000,784.517608,784.836169,783.957762
9.740000,784.219637,784.548496,783.675078
9.760000,783.921882,784.260683,783.392099
9.780000,783.624373,783.972774,783.108869
9.800000,783.327132,783.684807,782.825431
9.820000,783.030181,783.396816,782.541824
9.840000,782.733539,783.108833,782.258087
9.860000,782.437226,782.820892,781.974257
9.880000,782.141260,782.533023,781.690370
9.900000,781.845658,782.245255,781.406460
9.920000,781.550439,781.957617,781.122557
9.940000,781.255619,781.670135,780.838693
9.960000,780.961214,781.382836,780.554894
9.980000,780.667237,781.095742,780.271187
10.000000,780.373704,780.808876,779.987595
10.020000,780.080629,780.522259,779.704144
10.040000,779.788025,780.235913,779.420856
10.060000,779.495906,779.949860,779.137752
10.080000,779.204284,779.664118,778.854851
10.100000,778.913171,779.378705,778.572173
10.120000,778.622576,779.093638,778.289731
10.140000,778.332509,778.808932,778.007539
10.160000,778.042982,778.524603,777.725606
10.180000,777.754002,778.240661,777.443941
10.200000,777.465585,777.957112,777.162550
10.220000,777.177732,777.673961,776.881439
10.240000,776.890433,777.391212,776.600611
10.260000,776.603678,777.108869,776.320071
10.280000,776.317456,776.826937,776.039822
10.300000,776.031753,776.545420,775.759866
10.320000,775.746559,776.264323,775.480205
10.340000,775.461861,775.983658,775.200843
10.360000,775.177635,775.703418,774.921768
10.380000,774.893857,775.423587,774.642968
10.400000,774.610506,775.144126,774.364431
10.420000,774.327563,774.865003,774.086146
10.440000,774.045008,774.586186,773.808097
10.460000,773.762817,774.307652,773.530271
10.480000,773.480971,774.029379,773.252654
10.500000,773.199449,773.751351,772.975237
10.520000,772.918233,773.473552,772.698009
10.540000,772.637305,773.195966,772.420961
10.560000,772.356648,772.918577,772.144082
10.580000,772.076124,772.641370,771.867242
10.600000,771.795668,772.364290,771.590384
10.620000,771.515266,772.087162,771.313500
10.640000,771.234891,771.809899,771.036570
10.660000,770.954521,771.532482,770.759575
10.680000,770.674143,771.254921,770.482512
10.700000,770.393758,770.977243,770.205384
10.720000,770.113370,770.699469,769.928201
10.740000,769.832984,770.421617,769.650973
10.760000,769.552603,770.143698,769.373708
10.780000,769.272228,769.865716,769.095413
10.800000,768.990876,769.587437,768.816273
10.820000,768.708721,769.307811,768.536615
10.840000,768.425847,769.027010,768.256476
10.860000,768.142405,768.745389,767.975926
10.880000,767.858560,768.463248,767.695066
10.900000,767.574457,768.180798,767.413996
10.920000,767.290207,767.898177,767.132799
10.940000,767.005889,767.615463,766.851534
10.960000,766.721553,767.332700,766.570240
10.980000,766.437225,767.049906,766.282516
11.000000,766.146599,766.766108,765.993365
11.020000,765.854580,766.475252,765.704450
11.040000,765.561853,766.182459,765.415346
11.060000,765.269062,765.889556,765.126284
11.080000,764.976585,765.597179,764.837491
11.100000,764.684598,765.305507,764.549095
11.120000,764.393160,765.014541,764.261143
11.140000,764.102266,764.724216,763.973637
11.160000,763.811882,764.434451,763.686552
11.180000,763.521962,764.145164,763.399853
11.200000,763.232457,763.856280,763.113500
11.220000,762.942400,763.567738,762.826535
11.240000,762.651889,763.279279,762.539061
11.260000,762.361183,762.989857,762.251342
11.280000,762.070301,762.699575,761.963400
11.300000,761.779298,762.408747,761.675291
11.320000,761.488259,762.117661,761.387105
11.340000,761.197280,761.826532,761.098936
11.360000,760.906447,761.535508,760.810872
11.380000,760.615829,761.244688,760.522982
11.400000,760.325483,760.954137,760.235322
11.420000,760.035450,760.663899,759.947935
11.440000,759.745667,760.374005,759.660755
11.460000,759.456116,760.084449,759.373764
11.480000,759.166814,759.795124,759.086980
11.500000,758.877775,759.505980,758.800413
11.520000,758.589014,759.217021,758.514079
11.540000,758.300549,758.928285,758.227995
11.560000,758.012410,758.639818,757.942189
11.580000,757.724631,758.351669,757.656696
11.600000,757.437253,758.063883,757.371554
11.620000,757.150315,757.776504,757.086803
11.640000,756.863849,757.489577,756.802473
11.660000,756.577885,757.203141,756.518596
11.680000,756.292455,756.917225,756.235201
11.700000,756.007591,756.631853,755.952321
11.720000,755.723324,756.347052,755.669988
11.740000,755.439686,756.062850,755.388232
11.760000,755.156675,755.779281,755.107052
11.780000,754.874308,755.496336,754.826464
11.800000,754.592606,755.214020,754.546492
11.820000,754.311598,754.932360,754.267163
11.840000,754.031318,754.651394,753.988512
11.860000,753.751804,754.371163,753.710577
11.880000,753.473094,754.091710,753.433399
11.900000,753.195229,753.813077,753.157017
11.920000,752.918247,753.535304,752.881471
11.940000,752.642186,753.258428,752.606799
11.960000,752.366937,752.982487,752.332894
11.980000,752.092547,752.707339,752.059803
12.000000,751.819060,752.433013,751.787571
12.020000,751.546524,752.159579,751.516248
12.040000,751.274994,751.887104,751.245888
12.060000,751.004518,751.615649,750.976542
12.080000,750.735142,751.345268,750.708256
12.100000,750.466909,751.076006,750.441074
12.120000,750.199857,750.807903,750.175034
12.140000,749.934019,750.540994,749.910173
12.160000,749.669429,750.275312,749.646523
12.180000,749.406088,750.010886,749.384089
12.200000,749.144011,749.747737,749.122884
12.220000,748.883221,749.485855,748.862934
12.240000,748.623740,749.225244,748.604261
12.260000,748.365591,748.965921,748.346889
12.280000,748.108798,748.707912,748.090843
12.300000,747.853388,748.451248,747.836153
12.320000,747.599389,748.195961,747.582846
12.340000,747.346830,747.942081,747.330951
12.360000,747.095738,747.689641,747.080498
12.380000,746.846138,747.438668,746.831512
12.400000,746.598050,747.189188,746.584014
12.420000,746.351498,746.941220,746.338029
12.440000,746.106504,746.694785,746.093579
12.460000,745.863090,746.449899,745.850688
12.480000,745.621277,746.206585,745.609377
12.500000,745.381090,745.964864,745.369672
12.520000,745.142549,745.724758,745.131594
12.540000,744.905676,745.486290,744.895165
12.560000,744.670491,745.249482,744.660406
12.580000,744.437017,745.014355,744.427342
12.600000,744.205276,744.780927,744.195994
12.620000,743.975291,744.549219,743.966386
12.640000,743.747083,744.319253,743.738539
12.660000,743.520674,744.091050,743.512477
12.680000,743.296087,743.864633,743.288223
12.700000,743.073344,743.640023,743.065800
12.720000,742.852468,743.417242,742.845230
12.740000,742.633479,743.196312,742.626535
12.760000,742.416400,742.977254,742.409738
12.780000,742.201252,742.760087,742.194861
12.800000,741.988056,742.544832,741.981923
12.820000,741.776831,742.331508,741.770947
12.840000,741.567599,742.120134,741.561954
12.860000,741.360379,741.910730,741.354964
12.880000,741.155194,741.703314,741.149998
12.900000,740.952062,741.497908,740.947077
12.920000,740.751005,741.294529,740.746221
12.940000,740.552042,741.093197,740.547452
12.960000,740.355194,740.893930,740.350790
12.980000,740.160479,740.696748,740.156253
13.000000,739.967918,740.501669,739.963863
13.020000,739.777528,740.308709,739.773638
13.040000,739.589330,740.117888,739.585597
13.060000,739.403341,739.929221,739.399759
13.080000,739.219579,739.742726,739.216142
13.100000,739.038062,739.558419,739.034764
13.120000,738.858808,739.376317,738.855642
13.140000,738.681832,739.196434,738.678794
13.160000,738.507151,739.018787,738.504236
13.180000,738.334781,738.843389,738.331984
13.200000,738.164737,738.670255,738.162053
13.220000,737.997033,738.499398,737.994456
13.240000,737.831682,738.330832,737.829210
13.260000,737.668698,738.164567,737.666325
13.280000,737.508093,738.000616,737.505816
13.300000,737.349878,737.838989,737.347693
13.320000,737.194067,737.679697,737.191970
13.340000,737.040668,737.522747,737.038655
13.360000,736.889687,737.368148,736.887755
13.380000,736.741128,737.215909,736.739274
13.400000,736.594994,737.066035,736.593214
13.420000,736.451286,736.918532,736.449578
13.440000,736.310004,736.773399,736.308365
13.460000,736.171149,736.630635,736.169575
13.480000,736.034720,736.490238,736.033209
13.500000,735.900714,736.352205,735.899263
13.520000,735.769154,736.216529,735.767760
13.540000,735.639908,736.083206,735.638567
13.560000,735.512867,735.952227,735.511576
13.580000,735.387944,735.823580,735.386699
13.600000,735.265064,735.697236,735.263864
13.620000,735.144170,735.573063,735.143013
13.640000,735.025214,735.450950,735.024097
13.660000,734.908158,735.330801,734.907079
13.680000,734.792233,735.212535,734.791111
13.700000,734.669493,735.096073,734.668329
13.720000,734.539967,734.981254,734.538764
13.740000,734.403720,734.872458,734.402479
13.760000,734.260919,734.756831,734.259644
13.780000,734.111604,734.634244,734.110296
13.800000,733.955849,734.504586,733.954513
13.820000,733.793774,734.367770,733.792412
13.840000,733.625497,734.223743,733.624112
13.860000,733.451068,734.072491,733.449663
13.880000,733.270572,733.914043,733.269149
13.900000,733.084124,733.748513,733.082687
13.920000,732.891876,733.575893,732.890429
13.940000,732.694008,733.396221,732.692554
13.960000,732.490724,733.209580,732.489266
13.980000,732.282250,733.016100,732.280793
14.000000,732.068835,732.815955,732.067381
14.020000,731.850741,732.609370,731.849295
14.040000,731.628247,732.396605,731.626812
14.060000,731.401646,732.177965,731.400224
14.080000,731.171236,731.953784,731.169831
14.100000,730.937323,731.724430,730.935939
14.120000,730.700218,731.490291,730.698856
14.140000,730.460231,731.251776,730.458894
14.160000,730.217671,731.009306,730.216361
14.180000,729.972843,730.763305,729.971563
14.200000,729.726049,730.514201,729.724799
14.220000,729.477581,730.262415,729.476363
14.240000,729.227723,730.008361,729.226538
14.260000,728.976749,729.752437,728.975598
14.280000,728.724923,729.495027,728.723806
14.300000,728.472495,729.236493,728.471413
14.320000,728.219704,728.977180,728.218657
14.340000,727.966776,728.717408,727.965764
14.360000,727.713922,728.457476,727.712946
14.380000,727.461343,728.197661,727.460401
14.400000,727.209224,727.938216,727.208317
14.420000,726.957738,727.679373,726.956865
14.440000,726.707047,727.421343,726.706207
14.460000,726.457298,727.164319,726.456491
14.480000,726.208628,726.908472,726.207853
14.500000,725.961164,726.653959,725.960420
14.520000,725.715019,726.400918,725.714306
14.540000,725.470301,726.149473,725.469616
14.560000,725.227103,725.899736,725.226447
14.580000,724.985515,725.651803,724.984886
14.600000,724.745614,725.405761,724.745012
14.620000,724.507473,725.161686,724.506896
14.640000,724.271156,724.919645,724.270605
14.660000,724.036722,724.679696,724.036195
14.680000,723.804224,724.441889,723.803719
14.700000,723.573708,724.206268,723.573225
14.720000,723.345217,723.972870,723.344755
14.740000,723.118789,723.741727,723.118347
14.760000,722.894457,723.512868,722.894034
14.780000,722.672251,723.286314,722.671847
14.800000,722.452199,723.062086,722.451813
14.820000,722.234323,722.840199,722.233954
14.840000,722.018644,722.620666,722.018292
14.860000,721.805181,722.403498,721.804844
14.880000,721.593950,722.188703,721.593628
14.900000,721.384965,721.976286,721.384657
14.920000,721.178238,721.766254,721.177944
14.940000,720.973779,721.558607,720.973498
14.960000,720.771597,721.353349,720.771328
14.980000,720.571699,721.150478,720.571442
15.000000,720.374091,720.949995,720.373845
15.020000,720.178776,720.751896,720.178541
15.040000,719.985757,720.556180,719.985532
15.060000,719.795035,720.362842,719.794821
15.080000,719.606611,720.171877,719.606406
15.100000,719.420483,719.983277,719.420287
15.120000,719.236649,719.797036,719.236462
15.140000,719.055106,719.613146,719.054926
15.160000,718.875847,719.431597,718.875676
15.180000,718.698864,719.252378,718.698700
15.200000,718.524144,719.075479,718.523987
15.220000,718.351672,718.900887,718.351522
15.240000,718.181432,718.728584,718.181288
15.260000,718.013405,718.558552,718.013268
15.280000,717.847571,718.390767,717.847439
15.300000,717.683908,718.225204,717.683783
15.320000,717.522390,718.061836,717.522269
15.340000,717.362956,717.900631,717.362841
15.360000,717.205536,717.741556,717.205425
15.380000,717.050051,717.584591,717.049944
15.400000,716.896425,717.429671,716.896323
15.420000,716.744583,717.276708,716.744485
15.440000,716.594685,717.125605,716.594590
15.460000,716.446122,716.976275,716.446030
15.480000,716.298444,716.828594,716.298354
15.500000,716.151304,716.682420,716.151217
15.520000,716.004436,716.537717,716.004351
15.540000,715.857639,716.393873,715.857556
15.560000,715.710722,716.250421,715.710640
15.580000,715.563509,716.106991,715.563428
15.600000,715.415813,715.963286,715.415733
15.620000,715.267454,715.819061,715.267375
15.640000,715.118267,715.674129,715.118190
15.660000,714.968111,715.528294,714.968034
15.680000,714.816858,715.381369,714.816782
15.700000,714.664397,715.233181,714.664322
15.720000,714.510630,715.083579,714.510556
15.740000,714.355474,714.932433,714.355400
15.760000,714.198858,714.779631,714.198786
15.780000,714.040730,714.625080,714.040658
15.800000,713.881048,714.468707,713.880976
15.820000,713.719784,714.310459,713.719713
15.840000,713.556924,714.150300,713.556854
15.860000,713.392466,713.988212,713.392396
15.880000,713.226418,713.824196,713.226350
15.900000,713.058801,713.658266,713.058734
15.920000,712.889646,713.490454,712.889579
15.940000,712.718992,713.320805,712.718926
15.960000,712.546886,713.149376,712.546822
15.980000,712.373386,712.976234,712.373323
16.000000,712.198555,712.801459,712.198492
16.020000,712.022460,712.625136,712.022399
16.040000,711.845178,712.447360,711.845118
16.060000,711.666786,712.268230,711.666727
16.080000,711.487367,712.087850,711.487309
16.100000,711.307008,711.906327,711.306951
16.120000,711.125795,711.723772,711.125740
16.140000,710.943820,711.540294,710.943766
16.160000,710.761172,711.356006,710.761120
16.180000,710.577944,711.171020,710.577893
16.200000,710.394227,710.985445,710.394177
16.220000,710.210113,710.799392,710.210064
16.240000,710.025691,710.612967,710.025643
16.260000,709.841051,710.426274,709.841005
16.280000,709.656281,710.239417,709.656237
16.300000,709.471468,710.052494,709.471425
16.320000,709.286696,709.865602,709.286654
16.340000,709.102047,709.678832,709.102006
16.360000,708.917601,709.492275,708.917561
16.380000,708.733436,709.306016,708.733398
16.400000,708.549627,709.120136,708.549590
16.420000,708.366247,708.934715,708.366212
16.440000,708.183366,708.749827,708.183332
16.460000,708.001050,708.565543,708.001017
16.480000,707.819364,708.381932,707.819332
16.500000,707.638369,708.199057,707.638338
16.520000,707.458123,708.016978,707.458093
16.540000,707.278683,707.835753,707.278654
16.560000,707.100099,707.655435,707.100072
16.580000,706.922424,707.476073,706.922397
16.600000,706.745702,707.297715,706.745676
16.620000,706.569978,707.120403,706.569953
16.640000,706.395291,706.944178,706.395267
16.660000,706.221676,706.769076,706.221653
16.680000,706.049167,706.595131,706.049145
16.700000,705.877795,706.422372,705.877773
16.720000,705.707584,706.250825,705.707563
16.740000,705.538559,706.080513,705.538539
16.760000,705.370738,705.911453,705.370719
16.780000,705.204131,705.743661,705.204113
16.800000,705.038745,705.577147,705.038727
16.820000,704.874579,705.411920,704.874562
16.840000,704.711632,705.247981,704.711616
16.860000,704.549895,705.085323,704.549880
16.880000,704.389334,704.923934,704.389318
16.900000,704.229901,704.763794,704.229886
16.920000,704.071545,704.604873,704.071531
16.940000,703.914213,704.447141,703.914200
16.960000,703.757855,704.290535,703.757842
16.980000,703.602413,704.134985,703.602401
17.000000,703.447828,703.980410,703.447816
17.020000,703.294035,703.826732,703.294023
17.040000,703.140964,703.673872,703.140953
17.060000,702.988549,703.521752,702.988538
17.080000,702.836719,703.370289,702.836709
17.100000,702.685407,703.219402,702.685397
17.120000,702.534543,703.069008,702.534532
17.140000,702.384058,702.919028,702.384048
17.160000,702.233888,702.769380,702.233878
17.180000,702.083965,702.619988,702.083956
17.200000,701.934228,702.470775,701.934219
17.220000,701.784616,702.321672,701.784607
17.240000,701.635072,702.172608,701.635063
17.260000,701.485540,702.023522,701.485531
17.280000,701.335969,701.874353,701.335961
17.300000,701.186313,701.725048,701.186304
17.320000,701.036526,701.575556,701.036518
17.340000,700.886570,701.425833,700.886562
17.360000,700.736409,701.275841,700.736401
17.380000,700.586011,701.125544,700.586003
17.400000,700.435349,700.974915,700.435341
17.420000,700.284400,700.823929,700.284392
17.440000,700.133145,700.672569,700.133137
17.460000,699.981569,700.520820,699.981562
17.480000,699.829662,700.368674,699.829655
17.500000,699.677418,700.216127,699.677411
17.520000,699.524833,700.063177,699.524826
17.540000,699.371908,699.909831,699.371901
17.560000,699.218647,699.756095,699.218641
17.580000,699.065059,699.601982,699.065053
17.600000,698.911155,699.447506,698.911149
17.620000,698.756948,699.292686,698.756942
17.640000,698.602456,699.137543,698.602450
17.660000,698.447697,698.982100,698.447691
17.680000,698.292694,698.826385,698.292688
17.700000,698.137470,698.670424,698.137464
17.720000,697.982051,698.514247,697.982046
17.740000,697.826466,698.357887,697.826460
17.760000,697.670742,698.201376,697.670736
17.780000,697.514910,698.044748,697.514905
17.800000,697.359002,697.888037,697.358997
17.820000,697.203050,697.731279,697.203045
17.840000,697.047087,697.574509,697.047082
17.860000,696.891146,697.417764,696.891141
17.880000,696.735260,697.261079,696.735255
17.900000,696.579463,697.104489,696.579458
17.920000,696.423787,696.948030,696.423783
17.940000,696.268266,696.791736,696.268262
17.960000,696.112931,696.635640,696.112927
17.980000,695.957813,696.479776,695.957809
18.000000,695.802942,696.324173,695.802938
18.020000,695.648345,696.168863,695.648341
18.040000,695.494050,696.013872,695.494046
18.060000,695.340079,695.859229,695.340076
18.080000,695.186453,695.704955,695.186450
18.100000,695.033191,695.551073,695.033188
18.120000,694.880306,695.397601,694.880303
18.140000,694.727813,695.244555,694.727810
18.160000,694.575722,695.091946,694.575720
18.180000,694.424041,694.939782,694.424039
18.200000,694.272775,694.788066,694.272773
18.220000,694.121926,694.636801,694.121923
18.240000,693.971493,694.485983,693.971490
18.260000,693.821473,694.335610,693.821470
18.280000,693.671860,694.185672,693.671857
18.300000,693.522646,694.036160,693.522643
18.320000,693.373820,693.887060,693.373818
18.340000,693.225371,693.738358,693.225369
18.360000,693.077284,693.590035,693.077282
18.380000,692.929542,693.442073,692.929540
18.400000,692.782128,693.294450,692.782126
18.420000,692.635024,693.147145,692.635022
18.440000,692.488207,693.000134,692.488206
18.460000,692.341659,692.853393,692.341657
18.480000,692.195356,692.706898,692.195354
18.500000,692.049276,692.560625,692.049274
18.520000,691.903397,692.414547,691.903395
18.540000,691.757695,692.268641,691.757694
18.560000,691.612150,692.122882,691.612148
18.580000,691.466737,691.977247,691.466735
18.600000,691.321435,691.831713,691.321434
18.620000,691.176224,691.686256,691.176222
18.640000,691.031082,691.540857,691.031080
18.660000,690.885990,691.395494,690.885988
18.680000,690.740929,691.250150,690.740928
18.700000,690.595883,691.104806,690.595882
18.720000,690.450835,690.959446,690.450833
18.740000,690.305769,690.814056,690.305768
18.760000,690.160673,690.668622,690.160671
18.780000,690.015534,690.523132,690.015532
18.800000,689.870341,690.377577,689.870339
18.820000,689.725084,690.231947,689.725083
18.840000,689.579757,690.086236,689.579756
18.860000,689.434351,689.940437,689.434350
18.880000,689.288863,689.794547,689.288862
18.900000,689.143287,689.648562,689.143286
18.920000,688.997622,689.502480,688.997621
18.940000,688.851866,689.356302,688.851865
18.960000,688.706018,689.210028,688.706017
18.980000,688.560079,689.063660,688.560078
19.000000,688.414052,688.917201,688.414051
19.020000,688.267938,688.770655,688.267937
19.040000,688.121740,688.624025,688.121739
19.060000,687.975462,688.477316,687.975461
19.080000,687.829109,688.330535,687.829108
19.100000,687.682684,688.183686,687.682684
19.120000,687.536193,688.036775,687.536192
19.140000,687.389640,687.889807,687.389639
19.160000,687.243030,687.742788,687.243029
19.180000,687.096366,687.595723,687.096366
19.200000,686.949655,687.448617,686.949654
19.220000,686.802898,687.301473,686.802897
19.240000,686.656099,687.154295,686.656098
19.260000,686.509261,687.007085,686.509261
19.280000,686.362386,686.859846,686.362386
19.300000,686.215476,686.712578,686.215475
19.320000,686.068529,686.565282,686.068529
19.340000,685.921547,686.417956,685.921546
19.360000,685.774527,686.270598,685.774526
19.380000,685.627467,686.123206,685.627467
19.400000,685.480365,685.975776,685.480364
19.420000,685.333214,685.828302,685.333214
19.440000,685.186012,685.680780,685.186011
19.460000,685.038751,685.533202,685.038750
19.480000,684.891424,685.385561,684.891424
19.500000,684.744024,685.237848,684.744023
19.520000,684.596542,685.090055,684.596541
19.540000,684.448967,684.942171,684.448967
19.560000,684.301291,684.794185,684.301291
19.580000,684.153502,684.646087,684.153502
19.600000,684.005588,684.497863,684.005588
19.620000,683.857537,684.349502,683.857536
19.640000,683.709336,684.200991,683.709335
19.660000,683.560971,684.052315,683.560970
19.680000,683.412428,683.903460,683.412428
19.700000,683.263694,683.754413,683.263694
19.720000,683.114753,683.605158,683.114752
19.740000,682.965590,683.455679,682.965589
19.760000,682.816189,683.305961,682.816188
19.780000,682.666534,683.155989,682.666533
19.800000,682.516609,683.005746,682.516609
19.820000,682.366399,682.855215,682.366398
19.840000,682.215885,682.704380,682.215885
19.860000,682.065051,682.553224,682.065051
19.880000,681.913881,682.401730,681.913881
19.900000,681.762356,682.249880,681.762356
19.920000,681.610460,682.097658,681.610460
19.940000,681.458175,681.945045,681.458174
19.960000,681.305483,681.792024,681.305482
19.980000,681.152366,681.638577,681.152366
20.000000,680.998807,681.484687,680.998807
20.020000,680.844788,681.330335,680.844787
20.040000,680.690290,681.175504,680.690290
20.060000,680.535297,681.020174,680.535296
20.080000,680.379789,680.864330,680.379789
20.100000,680.223749,680.707951,680.223749
20.120000,680.067159,680.551021,680.067159
20.140000,679.910002,680.393522,679.910002
20.160000,679.752259,680.235435,679.752259
20.180000,679.593913,680.076744,679.593913
20.200000,679.434947,679.917430,679.434946
20.220000,679.275343,679.757477,679.275342
20.240000,679.115084,679.596867,679.115084
20.260000,678.954155,679.435584,678.954155
20.280000,678.792538,679.273613,678.792538
20.300000,678.630218,679.110936,678.630218
20.320000,678.467180,678.947539,678.467180
20.340000,678.303408,678.783407,678.303408
20.360000,678.138889,678.618525,678.138888
20.380000,677.973608,678.452880,677.973608
20.400000,677.807552,678.286459,677.807552
20.420000,677.640710,678.119250,677.640710
20.440000,677.473069,677.951240,677.473069
20.460000,677.304619,677.782419,677.304619
20.480000,677.135349,677.612778,677.135349
20.500000,676.965251,677.442306,676.965251
20.520000,676.794315,677.270997,676.794315
20.540000,676.622535,677.098841,676.622535
20.560000,676.449904,676.925834,676.449904
20.580000,676.276416,676.751968,676.276416
20.600000,676.102067,676.577241,676.102067
20.620000,675.926853,676.401647,675.926853
20.640000,675.750771,676.225185,675.750771
20.660000,675.573820,676.047853,675.573820
20.680000,675.395998,675.869649,675.395998
20.700000,675.217307,675.690575,675.217307
20.720000,675.037746,675.510630,675.037746
20.740000,674.857318,675.329818,674.857318
20.760000,674.676025,675.148141,674.676025
20.780000,674.493872,674.965602,674.493872
20.800000,674.310863,674.782207,674.310863
20.820000,674.127004,674.597960,674.127003
20.840000,673.942299,674.412867,673.942299
20.860000,673.756757,674.226937,673.756757
20.880000,673.570385,674.040175,673.570385
20.900000,673.383191,673.852591,673.383190
20.920000,673.195184,673.664194,673.195183
20.940000,673.006373,673.474992,673.006373
20.960000,672.816770,673.284996,672.816769
20.980000,672.626383,673.094217,672.626383
21.000000,672.435226,672.902666,672.435226
21.020000,672.243309,672.710354,672.243308
21.040000,672.050643,672.517294,672.050643
21.060000,671.857243,672.323498,671.857243
21.080000,671.663121,672.128979,671.663120
21.100000,671.468289,671.933750,671.468289
21.120000,671.272761,671.737824,671.272761
21.140000,671.076552,671.541216,671.076552
21.160000,670.879674,671.343939,670.879674
21.180000,670.682143,671.146008,670.682143
21.200000,670.483972,670.947436,670.483972
21.220000,670.285177,670.748240,670.285177
21.240000,670.085771,670.548432,670.085771
21.260000,669.885770,670.348029,669.885770
21.280000,669.685189,670.147044,669.685189
21.300000,669.484042,669.945494,669.484042
21.320000,669.282345,669.743392,669.282345
21.340000,669.080113,669.540755,669.080113
21.360000,668.877360,669.337597,668.877360
21.380000,668.674101,669.133933,668.674101
21.400000,668.470353,668.929778,668.470352
21.420000,668.266128,668.725147,668.266128
21.440000,668.061444,668.520055,668.061444
21.460000,667.856313,668.314518,667.856313
21.480000,667.650752,668.108549,667.650752
21.500000,667.444775,667.902163,667.444775
21.520000,667.238395,667.695375,667.238395
21.540000,667.031629,667.488200,667.031629
21.560000,666.824489,667.280652,666.824489
21.580000,666.616991,667.072744,666.616991
21.600000,666.409148,666.864492,666.409148
21.620000,666.200974,666.655909,666.200974
21.640000,665.992483,666.447008,665.992483
21.660000,665.783689,666.237804,665.783689
21.680000,665.574604,666.028310,665.574604
21.700000,665.365243,665.818539,665.365243
21.720000,665.155618,665.608504,665.155618
21.740000,664.945742,665.398218,664.945742
21.760000,664.735628,665.187694,664.735628
21.780000,664.525289,664.976945,664.525289
21.800000,664.314736,664.765982,664.314736
21.820000,664.103982,664.554819,664.103982
21.840000,663.893039,664.343467,663.893039
21.860000,663.681920,664.131937,663.681920
21.880000,663.470634,663.920243,663.470634
21.900000,663.259195,663.708394,663.259195
21.920000,663.047612,663.496403,663.047612
21.940000,662.835898,663.284280,662.835898
21.960000,662.624063,663.072037,662.624063
21.980000,662.412118,662.859683,662.412118
22.000000,662.200072,662.647230,662.200072
22.020000,661.987938,662.434688,661.987938
22.040000,661.775724,662.222067,661.775724
22.060000,661.563440,662.009376,661.563440
22.080000,661.351097,661.796627,661.351097
22.100000,661.138704,661.583827,661.138704
22.120000,660.926270,661.370988,660.926270
22.140000,660.713804,661.158117,660.713804
22.160000,660.501316,660.945224,660.501316
22.180000,660.288815,660.732318,660.288815
22.200000,660.076308,660.519407,660.076308
22.220000,659.863805,660.306500,659.863805
22.240000,659.651314,660.093606,659.651314
22.260000,659.438843,659.880733,659.438843
22.280000,659.226400,659.667887,659.226400
22.300000,659.013992,659.455079,659.013992
22.320000,658.801629,659.242314,658.801629
22.340000,658.589316,659.029601,658.589316
22.360000,658.377062,658.816947,658.377062
22.380000,658.164873,658.604359,658.164873
22.400000,657.952758,658.391845,657.952758
22.420000,657.740721,658.179411,657.740721
22.440000,657.528771,657.967063,657.528771
22.460000,657.316915,657.754810,657.316915
22.480000,657.105157,657.542656,657.105157
22.500000,656.893505,657.330609,656.893505
22.520000,656.681965,657.118674,656.681965
22.540000,656.470544,656.906858,656.470544
22.560000,656.259246,656.695167,656.259246
22.580000,656.048077,656.483606,656.048077
22.600000,655.837045,656.272181,655.837045
22.620000,655.626153,656.060897,655.626153
22.640000,655.415407,655.849761,655.415407
22.660000,655.204813,655.638777,655.204813
22.680000,654.994375,655.427950,654.994375
22.700000,654.784099,655.217286,654.784099
22.720000,654.573990,655.006789,654.573990
22.740000,654.364053,654.796465,654.364053
22.760000,654.154291,654.586317,654.154291
22.780000,653.944711,654.376351,653.944711
22.800000,653.735316,654.166571,653.735316
22.820000,653.526110,653.956981,653.526110
22.840000,653.317098,653.747586,653.317098
22.860000,653.108285,653.538390,653.108285
22.880000,652.899673,653.329397,652.899673
22.900000,652.691268,653.120611,652.691268
22.920000,652.483072,652.912036,652.483072
22.940000,652.275091,652.703675,652.275091
22.960000,652.067326,652.495532,652.067326
22.980000,651.859783,652.287612,651.859783
23.000000,651.652465,652.079917,651.652465
23.020000,651.445374,651.872450,651.445374
23.040000,651.238515,651.665216,651.238515
23.060000,651.031890,651.458217,651.031890
23.080000,650.825503,651.251457,650.825503
23.100000,650.619357,651.044938,650.619357
23.120000,650.413455,650.838664,650.413455
23.140000,650.207800,650.632638,650.207800
23.160000,650.002394,650.426862,650.002394
23.180000,649.797241,650.221339,649.797241
23.200000,649.592342,650.016073,649.592342
23.220000,649.387702,649.811065,649.387702
23.240000,649.183322,649.606318,649.183322
23.260000,648.979204,649.401835,648.979204
23.280000,648.775352,649.197618,648.775352
23.300000,648.571768,648.993670,648.571768
23.320000,648.368454,648.789992,648.368454
23.340000,648.165411,648.586588,648.165411
23.360000,647.962643,648.383458,647.962643
23.380000,647.760152,648.180606,647.760152
23.400000,647.557939,647.978034,647.557939
23.420000,647.356007,647.775743,647.356007
23.440000,647.154357,647.573735,647.154357
23.460000,646.952991,647.372012,646.952991
23.480000,646.751912,647.170577,646.751912
23.500000,646.551120,646.969430,646.551120
23.520000,646.350619,646.768574,646.350619
23.540000,646.150408,646.568010,646.150408
23.560000,645.950491,646.367740,645.950491
23.580000,645.750868,646.167765,645.750868
23.600000,645.551541,645.968087,645.551541
23.620000,645.352512,645.768708,645.352512
23.640000,645.153782,645.569629,645.153782
23.660000,644.955352,645.370851,644.955352
23.680000,644.757224,645.172375,644.757224
23.700000,644.559399,644.974204,644.559399
23.720000,644.361878,644.776337,644.361878
23.740000,644.164663,644.578777,644.164663
23.760000,643.967754,644.381525,643.967754
23.780000,643.771153,644.184581,643.771153
23.800000,643.574861,643.987947,643.574861
23.820000,643.378879,643.791623,643.378879
23.840000,643.183208,643.595612,643.183208
23.860000,642.987849,643.399913,642.987849
23.880000,642.792803,643.204529,642.792803
23.900000,642.598071,643.009458,642.598071
23.920000,642.403653,642.814704,642.403653
23.940000,642.209551,642.620266,642.209551
23.960000,642.015765,642.426145,642.015765
23.980000,641.822296,642.232342,641.822296
24.000000,641.629145,642.038858,641.629145
24.020000,641.436313,641.845693,641.436313
24.040000,641.243800,641.652848,641.243800
24.060000,641.051607,641.460324,641.051607
24.080000,640.859734,641.268122,640.859734
24.100000,640.668182,641.076241,640.668182
24.120000,640.476952,640.884683,640.476952
24.140000,640.286045,640.693448,640.286045
24.160000,640.095460,640.502537,640.095460
24.180000,639.905198,640.311950,639.905198
24.200000,639.715260,640.121687,639.715260
24.220000,639.525646,639.931749,639.525646
24.240000,639.336357,639.742137,639.336357
24.260000,639.147393,639.552850,639.147393
24.280000,638.958753,639.363890,638.958753
24.300000,638.770440,639.175256,638.770440
24.320000,638.582452,638.986948,638.582452
24.340000,638.394791,638.798968,638.394791
24.360000,638.207456,638.611316,638.207456
24.380000,638.020447,638.423990,638.020447
24.400000,637.833766,638.236993,637.833766
24.420000,637.647412,638.050323,637.647412
24.440000,637.461385,637.863982,637.461385
24.460000,637.275686,637.677969,637.275686
24.480000,637.090315,637.492285,637.090315
24.500000,636.905271,637.306929,636.905271
24.520000,636.720555,637.121902,636.720555
24.540000,636.536167,636.937204,636.536167
24.560000,636.352108,636.752835,636.352108
24.580000,636.168376,636.568795,636.168376
24.600000,635.984973,636.385084,635.984973
24.620000,635.801898,636.201702,635.801898
24.640000,635.619151,636.018649,635.619151
24.660000,635.436732,635.835925,635.436732
24.680000,635.254642,635.653530,635.254642
24.700000,635.072879,635.471464,635.072879
24.720000,634.891445,635.289727,634.891445
24.740000,634.710339,635.108319,634.710339
24.760000,634.529561,634.927239,634.529561
24.780000,634.349111,634.746489,634.349111
24.800000,634.168988,634.566067,634.168988
24.820000,633.989194,634.385973,633.989194
24.840000,633.809726,634.206208,633.809726
24.860000,633.630586,634.026771,633.630586
24.880000,633.451774,633.847661,633.451774
24.900000,633.273288,633.668880,633.273288
24.920000,633.095129,633.490427,633.095129
24.940000,632.917297,633.312300,632.917297
24.960000,632.739792,633.134502,632.739792
24.980000,632.562612,632.957030,632.562612
25.000000,632.385759,632.779885,632.385759
25.020000,632.209231,632.603066,632.209231
25.040000,632.033029,632.426574,632.033029
25.060000,631.857152,632.250408,631.857152
25.080000,631.681600,632.074568,631.681600
25.100000,631.506373,631.899053,631.506373
25.120000,631.331471,631.723863,631.331471
25.140000,631.156892,631.548998,631.156892
25.160000,630.982637,631.374458,630.982637
25.180000,630.808706,631.200242,630.808706
25.200000,630.635098,631.026350,630.635098
25.220000,630.461813,630.852782,630.461813
25.240000,630.288850,630.679537,630.288850
25.260000,630.116209,630.506614,630.116209
25.280000,629.943890,630.334015,629.943890
25.300000,629.771893,630.161737,629.771893
25.320000,629.600217,629.989781,629.600217
25.340000,629.428861,629.818147,629.428861
25.360000,629.257825,629.646834,629.257825
25.380000,629.087110,629.475841,629.087110
25.400000,628.916714,629.305168,628.916714
25.420000,628.746636,629.134816,628.746636
25.440000,628.576878,628.964782,628.576878
25.460000,628.407438,628.795068,628.407438
25.480000,628.238315,628.625672,628.238315
25.500000,628.069510,628.456594,628.069510
25.520000,627.901022,628.287834,627.901022
25.540000,627.732850,628.119391,627.732850
25.560000,627.564994,627.951264,627.564994
25.580000,627.397454,627.783454,627.397454
25.600000,627.230229,627.615960,627.230229
25.620000,627.063318,627.448781,627.063318
25.640000,626.896721,627.281917,626.896721
25.660000,626.730439,627.115367,626.730439
25.680000,626.564469,626.949131,626.564469
25.700000,626.398812,626.783209,626.398812
25.720000,626.233467,626.617599,626.233467
25.740000,626.068434,626.452302,626.068434
25.760000,625.903711,626.287316,625.903711
25.780000,625.739300,626.122642,625.739300
25.800000,625.575199,625.958279,625.575199
25.820000,625.411407,625.794226,625.411407
25.840000,625.247924,625.630483,625.247924
25.860000,625.084750,625.467049,625.084750
25.880000,624.921884,625.303923,624.921884
25.900000,624.759326,625.141106,624.759326
25.920000,624.597074,624.978597,624.597074
25.940000,624.435129,624.816395,624.435129
25.960000,624.273489,624.654499,624.273489
25.980000,624.112155,624.492909,624.112155
26.000000,623.951126,624.331625,623.951126
26.020000,623.790401,624.170645,623.790401
26.040000,623.629980,624.009970,623.629980
26.060000,623.469861,623.849598,623.469861
26.080000,623.310046,623.689530,623.310046
26.100000,623.150532,623.529765,623.150532
26.120000,622.991319,623.370301,622.991319
26.140000,622.832408,623.211139,622.832408
26.160000,622.673797,623.052278,622.673797
26.180000,622.515485,622.893718,622.515485
26.200000,622.357472,622.735457,622.357472
26.220000,622.199758,622.577495,622.199758
26.240000,622.042342,622.419832,622.042342
26.260000,621.885224,622.262467,621.885224
26.280000,621.728402,622.105399,621.728402
26.300000,621.571876,621.948628,621.571876
26.320000,621.415646,621.792153,621.415646
26.340000,621.259710,621.635974,621.259710
26.360000,621.104070,621.480089,621.104070
26.380000,620.948722,621.324500,620.948722
26.400000,620.793668,621.169204,620.793668
26.420000,620.638907,621.014201,620.638907
26.440000,620.484438,620.859491,620.484438
26.460000,620.330259,620.705072,620.330259
26.480000,620.176372,620.550946,620.176372
26.500000,620.022775,620.397110,620.022775
26.520000,619.869467,620.243564,619.869467
26.540000,619.716449,620.090307,619.716449
26.560000,619.563718,619.937340,619.563718
26.580000,619.411276,619.784661,619.411276
26.600000,619.259120,619.632270,619.259120
26.620000,619.107251,619.480165,619.107251
26.640000,618.955668,619.328348,618.955668
26.660000,618.804370,619.176816,618.804370
26.680000,618.653357,619.025569,618.653357
26.700000,618.502627,618.874607,618.502627
26.720000,618.352181,618.723929,618.352181
26.740000,618.202018,618.573534,618.202018
26.760000,618.052137,618.423422,618.052137
26.780000,617.902538,618.273592,617.902538
26.800000,617.753219,618.124043,617.753219
26.820000,617.604180,617.974776,617.604180
26.840000,617.455421,617.825788,617.455421
26.860000,617.306941,617.677080,617.306941
26.880000,617.158740,617.528651,617.158740
26.900000,617.010816,617.380500,617.010816
26.920000,616.863169,617.232627,616.863169
26.940000,616.715799,617.085031,616.715799
26.960000,616.568705,616.937712,616.568705
26.980000,616.421885,616.790668,616.421885
27.000000,616.275341,616.643899,616.275341
27.020000,616.129070,616.497405,616.129070
27.040000,615.983073,616.351185,615.983073
27.060000,615.837348,616.205238,615.837348
27.080000,615.691896,616.059564,615.691896
27.100000,615.546714,615.914162,615.546714
27.120000,615.401804,615.769031,615.401804
27.140000,615.257164,615.624170,615.257164
27.160000,615.112793,615.479580,615.112793
27.180000,614.968691,615.335259,614.968691
27.200000,614.824857,615.191207,614.824857
27.220000,614.681291,615.047423,614.681291
27.240000,614.537992,614.903907,614.537992
27.260000,614.394959,614.760657,614.394959
27.280000,614.252192,614.617674,614.252192
27.300000,614.109690,614.474956,614.109690
27.320000,613.967452,614.332503,613.967452
27.340000,613.825478,614.190314,613.825478
27.360000,613.683767,614.048389,613.683767
27.380000,613.542318,613.906727,613.542318
27.400000,613.401132,613.765327,613.401132
27.420000,613.260206,613.624190,613.260206
27.440000,613.119542,613.483313,613.119542
27.460000,612.979137,613.342697,612.979137
27.480000,612.838992,613.202341,612.838992
27.500000,612.699105,613.062244,612.699105
27.520000,612.559477,612.922406,612.559477
27.540000,612.420106,612.782826,612.420106
27.560000,612.280992,612.643503,612.280992
27.580000,612.142134,612.504437,612.142134
27.600000,612.003531,612.365627,612.003531
27.620000,611.865184,612.227072,611.865184
27.640000,611.727090,612.088772,611.727090
27.660000,611.589250,611.950726,611.589250
27.680000,611.451664,611.812933,611.451664
27.700000,611.314330,611.675393,611.314330
27.720000,611.177247,611.538106,611.177247
27.740000,611.040416,611.401071,611.040416
27.760000,610.903835,611.264286,610.903835
27.780000,610.767505,611.127753,610.767505
27.800000,610.631423,610.991469,610.631423
27.820000,610.495591,610.855434,610.495591
27.840000,610.360006,610.719648,610.360006
27.860000,610.224669,610.584109,610.224669
27.880000,610.089578,610.448818,610.089578
27.900000,609.954733,610.313773,609.954733
27.920000,609.820135,610.178975,609.820135
27.940000,609.685781,610.044421,609.685781
27.960000,609.551671,609.910113,609.551671
27.980000,609.417805,609.776048,609.417805
28.000000,609.284182,609.642227,609.284182
28.020000,609.150801,609.508649,609.150801
28.040000,609.017662,609.375313,609.017662
28.060000,608.884764,609.242219,608.884764
28.080000,608.752107,609.109366,608.752107
28.100000,608.619690,608.976753,608.619690
28.120000,608.487512,608.844381,608.487512
28.140000,608.355572,608.712247,608.355572
28.160000,608.223871,608.580352,608.223871
28.180000,608.092407,608.448694,608.092407
28.200000,607.961180,608.317274,607.961180
28.220000,607.830189,608.186091,607.830189
28.240000,607.699433,608.055143,607.699433
28.260000,607.568913,607.924431,607.568913
28.280000,607.438626,607.793953,607.438626
28.300000,607.308574,607.663709,607.308574
28.320000,607.178754,607.533699,607.178754
28.340000,607.049167,607.403922,607.049167
28.360000,606.919813,607.274377,606.919813
28.380000,606.790690,607.145065,606.790690
28.400000,606.661798,607.015984,606.661798
28.420000,606.533136,606.887135,606.533136
28.440000,606.404703,606.758515,606.404703
28.460000,606.276500,606.630125,606.276500
28.480000,606.148524,606.501964,606.148524
28.500000,606.020776,606.374030,606.020776
28.520000,605.893255,606.246323,605.893255
28.540000,605.765960,606.118843,605.765960
28.560000,605.638890,605.991588,605.638890
28.580000,605.512048,605.864559,605.512048
28.600000,605.385430,605.737755,605.385430
28.620000,605.259037,605.611175,605.259037
28.640000,605.132866,605.484820,605.132866
28.660000,605.006918,605.358690,605.006918
28.680000,604.881193,605.232784,604.881193
28.700000,604.755689,605.107100,604.755689
28.720000,604.630407,604.981637,604.630407
28.740000,604.505345,604.856395,604.505345
28.760000,604.380502,604.731372,604.380502
28.780000,604.255878,604.606569,604.255878
28.800000,604.131473,604.481984,604.131473
28.820000,604.007285,604.357616,604.007285
28.840000,603.883314,604.233467,603.883314
28.860000,603.759560,604.109533,603.759560
28.880000,603.636025,603.985817,603.636025
28.900000,603.512707,603.862317,603.512707
28.920000,603.389603,603.739034,603.389603
28.940000,603.266713,603.615969,603.266713
28.960000,603.144037,603.493119,603.144037
28.980000,603.021574,603.370483,603.021574
29.000000,602.899322,603.248058,602.899322
29.020000,602.777285,603.125844,602.777285
29.040000,602.655458,603.003841,602.655458
29.060000,602.533841,602.882049,602.533841
29.080000,602.412433,602.760468,602.412433
29.100000,602.291254,602.639098,602.291254
29.120000,602.170280,602.517940,602.170280
29.140000,602.049510,602.396991,602.049510
29.160000,601.928945,602.276269,601.928945
29.180000,601.808587,602.155751,601.808587
29.200000,601.688435,602.035434,601.688435
29.220000,601.568486,601.915319,601.568486
29.240000,601.448741,601.795406,601.448741
29.260000,601.329198,601.675695,601.329198
29.280000,601.209857,601.556185,601.209857
29.300000,601.090737,601.436877,601.090737
29.320000,600.971820,601.317775,600.971820
29.340000,600.853101,601.198876,600.853101
29.360000,600.734579,601.080199,600.734579
29.380000,600.616259,600.961722,600.616259
29.400000,600.498140,600.843444,600.498140
29.420000,600.380219,600.725361,600.380219
29.440000,600.262495,600.607475,600.262495
29.460000,600.144967,600.489784,600.144967
29.480000,600.027637,600.372290,600.027637
29.500000,599.910503,600.254991,599.910503
29.520000,599.793738,600.137887,599.793738
29.540000,599.677063,600.020998,599.677063
29.560000,599.560546,599.904300,599.560546
29.580000,599.444206,599.787967,599.444206
29.600000,599.328068,599.671720,599.328068
29.620000,599.212115,599.555628,599.212115
29.640000,599.096347,599.439709,599.096347
29.660000,598.980769,599.323972,598.980769
29.680000,598.865381,599.208420,598.865381
29.700000,598.750180,599.093061,598.750180
29.720000,598.635188,598.977892,598.635188
29.740000,598.520381,598.862915,598.520381
29.760000,598.405759,598.748127,598.405759
29.780000,598.291321,598.633545,598.291321
29.800000,598.177072,598.519147,598.177072
29.820000,598.063009,598.404932,598.063009
29.840000,597.949131,598.290899,597.949131
29.860000,597.835460,598.177049,597.835460
29.880000,597.721971,598.063387,597.721971
29.900000,597.608661,597.949911,597.608661
29.920000,597.495532,597.836641,597.495532
29.940000,597.382589,597.723551,597.382589
29.960000,597.269829,597.610641,597.269829
29.980000,597.157251,597.497911,597.157251
30.000000,597.044854,597.385361,597.044854
30.020000,596.932638,597.272991,596.932638
30.040000,596.820603,597.160801,596.820603
30.060000,596.708751,597.048791,596.708751
30.080000,596.597081,596.936962,596.597081
30.100000,596.485590,596.825313,596.485590
30.120000,596.374280,596.713848,596.374280
30.140000,596.263150,596.602564,596.263150
30.160000,596.152199,596.491459,596.152199
30.180000,596.041425,596.380534,596.041425
30.200000,595.930829,596.269787,595.930829
30.220000,595.820411,596.159217,595.820411
30.240000,595.710169,596.048823,595.710169
30.260000,595.600103,595.938604,595.600103
30.280000,595.490213,595.828562,595.490213
30.300000,595.380497,595.718695,595.380497
30.320000,595.270958,595.609003,595.270958
30.340000,595.161593,595.499485,595.161593
30.360000,595.052402,595.390142,595.052402
30.380000,594.943384,595.280974,594.943384
30.400000,594.834540,595.171980,594.834540
30.420000,594.725868,595.063158,594.725868
30.440000,594.617368,594.954509,594.617368
30.460000,594.509040,594.846032,594.509040
30.480000,594.400884,594.737726,594.400884
30.500000,594.292898,594.629591,594.292898
30.520000,594.185082,594.521626,594.185082
30.540000,594.077436,594.413832,594.077436
30.560000,593.969960,594.306207,593.969960
30.580000,593.862653,594.198752,593.862653
30.600000,593.755514,594.091465,593.755514
30.620000,593.648543,593.984347,593.648543
30.640000,593.541740,593.877397,593.541740
30.660000,593.435104,593.770614,593.435104
30.680000,593.328634,593.663998,593.328634
30.700000,593.222331,593.557548,593.222331
30.720000,593.116194,593.451265,593.116194
30.740000,593.010222,593.345148,593.010222
30.760000,592.904416,593.239195,592.904416
30.780000,592.798773,593.133408,592.798773
30.800000,592.693295,593.027785,592.693295
30.820000,592.587981,592.922325,592.587981
30.840000,592.482829,592.817030,592.482829
30.860000,592.377841,592.711897,592.377841
30.880000,592.273015,592.606927,592.273015
30.900000,592.168350,592.502119,592.168350
30.920000,592.063848,592.397473,592.063848
30.940000,591.959506,592.292989,591.959506
30.960000,591.855325,592.188665,591.855325
30.980000,591.751304,592.084502,591.751304
31.000000,591.647443,591.980499,591.647443
31.020000,591.543741,591.876655,591.543741
31.040000,591.440199,591.772971,591.440199
31.060000,591.336814,591.669445,591.336814
31.080000,591.233588,591.566078,591.233588
31.100000,591.130520,591.462869,591.130520
31.120000,591.027609,591.359817,591.027609
31.140000,590.924855,591.256923,590.924855
31.160000,590.822257,591.154185,590.822257
31.180000,590.719815,591.051604,590.719815
31.200000,590.617529,590.949178,590.617529
31.220000,590.515398,590.846908,590.515398
31.240000,590.413422,590.744793,590.413422
31.260000,590.311600,590.642833,590.311600
31.280000,590.209932,590.541027,590.209932
31.300000,590.108418,590.439375,590.108418
31.320000,590.007057,590.337876,590.007057
31.340000,589.905849,590.236530,589.905849
31.360000,589.804792,590.135337,589.804792
31.380000,589.703888,590.034296,589.703888
31.400000,589.603136,589.933406,589.603136
31.420000,589.502534,589.832669,589.502534
31.440000,589.402084,589.732082,589.402084
31.460000,589.301783,589.631645,589.301783
31.480000,589.201633,589.531359,589.201633
31.500000,589.101632,589.431223,589.101632
31.520000,589.001780,589.331236,589.001780
31.540000,588.902078,589.231399,588.902078
31.560000,588.802523,589.131710,588.802523
31.580000,588.703117,589.032169,588.703117
31.600000,588.603858,588.932776,588.603858
31.620000,588.504746,588.833530,588.504746
31.640000,588.405781,588.734432,588.405781
31.660000,588.306963,588.635480,588.306963
31.680000,588.208290,588.536675,588.208290
31.700000,588.109764,588.438015,588.109764
31.720000,588.011382,588.339502,588.011382
31.740000,587.913146,588.241133,587.913146
31.760000,587.815054,588.142909,587.815054
31.780000,587.717107,588.044830,587.717107
31.800000,587.619303,587.946895,587.619303
31.820000,587.521643,587.849103,587.521643
31.840000,587.424126,587.751455,587.424126
31.860000,587.326751,587.653950,587.326751
31.880000,587.229519,587.556587,587.229519
31.900000,587.132429,587.459366,587.132429
31.920000,587.035481,587.362288,587.035481
31.940000,586.938673,587.265351,586.938673
31.960000,586.842007,587.168555,586.842007
31.980000,586.745481,587.071900,586.745481
32.000000,586.649096,586.975385,586.649096
32.020000,586.552850,586.879011,586.552850
32.040000,586.456743,586.782776,586.456743
32.060000,586.360776,586.686680,586.360776
32.080000,586.264948,586.590723,586.264948
32.100000,586.169258,586.494905,586.169258
32.120000,586.073706,586.399226,586.073706
32.140000,585.978291,586.303684,585.978291
32.160000,585.883014,586.208280,585.883014
32.180000,585.787874,586.113013,585.787874
32.200000,585.692871,586.017883,585.692871
32.220000,585.598004,585.922889,585.598004
32.240000,585.503273,585.828032,585.503273
32.260000,585.408677,585.733310,585.408677
32.280000,585.314217,585.638724,585.314217
32.300000,585.219891,585.544273,585.219891
32.320000,585.125701,585.449957,585.125701
32.340000,585.031644,585.355776,585.031644
32.360000,584.937721,585.261728,584.937721
32.380000,584.843932,585.167814,584.843932
32.400000,584.750276,585.074034,584.750276
32.420000,584.656753,584.980387,584.656753
32.440000,584.563363,584.886872,584.563363
32.460000,584.470104,584.793490,584.470104
32.480000,584.376978,584.700240,584.376978
32.500000,584.283983,584.607122,584.283983
32.520000,584.191119,584.514135,584.191119
32.540000,584.098386,584.421279,584.098386
32.560000,584.005783,584.328554,584.005783
32.580000,583.913311,584.235960,583.913311
32.600000,583.820969,584.143495,583.820969
32.620000,583.728756,584.051160,583.728756
32.640000,583.636672,583.958955,583.636672
32.660000,583.544718,583.866879,583.544718
32.680000,583.452891,583.774931,583.452891
32.700000,583.361193,583.683112,583.361193
32.720000,583.269623,583.591421,583.269623
32.740000,583.178181,583.499858,583.178181
32.760000,583.086865,583.408422,583.086865
32.780000,582.995677,583.317114,582.995677
32.800000,582.904615,583.225932,582.904615
32.820000,582.813680,583.134877,582.813680
32.840000,582.722870,583.043948,582.722870
32.860000,582.632187,582.953145,582.632187
32.880000,582.541628,582.862467,582.541628
32.900000,582.451195,582.771915,582.451195
32.920000,582.360886,582.681487,582.360886
32.940000,582.270701,582.591184,582.270701
32.960000,582.180641,582.501006,582.180641
32.980000,582.090704,582.410951,582.090704
33.000000,582.000891,582.321020,582.000891
33.020000,581.911201,582.231212,581.911201
33.040000,581.821634,582.141528,581.821634
33.060000,581.732189,582.051966,581.732189
33.080000,581.642867,581.962526,581.642867
33.100000,581.553666,581.873209,581.553666
33.120000,581.464587,581.784013,581.464587
33.140000,581.375629,581.694939,581.375629
33.160000,581.286793,581.605986,581.286793
33.180000,581.198076,581.517154,581.198076
33.200000,581.109481,581.428442,581.109481
33.220000,581.021005,581.339851,581.021005
33.240000,580.932649,581.251379,580.932649
33.260000,580.844412,581.163027,580.844412
33.280000,580.756295,581.074795,580.756295
33.300000,580.668296,580.986682,580.668296
33.320000,580.580416,580.898687,580.580416
33.340000,580.492654,580.810811,580.492654
33.360000,580.405010,580.723052,580.405010
33.380000,580.317484,580.635412,580.317484
33.400000,580.230075,580.547889,580.230075
33.420000,580.142783,580.460484,580.142783
33.440000,580.055608,580.373195,580.055608
33.460000,579.968549,580.286023,579.968549
33.480000,579.881607,580.198968,579.881607
33.500000,579.794780,580.112028,579.794780
33.520000,579.708069,580.025204,579.708069
33.540000,579.621473,579.938496,579.621473
33.560000,579.534992,579.851903,579.534992
33.580000,579.448626,579.765425,579.448626
33.600000,579.362374,579.679061,579.362374
33.620000,579.276237,579.592812,579.276237
33.640000,579.190213,579.506676,579.190213
33.660000,579.104303,579.420655,579.104303
33.680000,579.018506,579.334747,579.018506
33.700000,578.932822,579.248952,578.932822
33.720000,578.847250,579.163269,578.847250
33.740000,578.761791,579.077700,578.761791
33.760000,578.676444,578.992243,578.676444
33.780000,578.591209,578.906897,578.591209
33.800000,578.506086,578.821664,578.506086
33.820000,578.421074,578.736542,578.421074
33.840000,578.336172,578.651531,578.336172
33.860000,578.251382,578.566631,578.251382
33.880000,578.166702,578.481841,578.166702
33.900000,578.082132,578.397162,578.082132
33.920000,577.997671,578.312593,577.997671
33.940000,577.913321,578.228134,577.913321
33.960000,577.829080,578.143784,577.829080
33.980000,577.744947,578.059544,577.744947
34.000000,577.660924,577.975412,577.660924
34.020000,577.577009,577.891389,577.577009
34.040000,577.493202,577.807474,577.493202
34.060000,577.409503,577.723668,577.409503
34.080000,577.325912,577.639969,577.325912
34.100000,577.242428,577.556378,577.242428
34.120000,577.159052,577.472894,577.159052
34.140000,577.075782,577.389517,577.075782
34.160000,576.992618,577.306247,576.992618
34.180000,576.909561,577.223084,576.909561
34.200000,576.826610,577.140026,576.826610
34.220000,576.743765,577.057075,576.743765
34.240000,576.661026,576.974229,576.661026
34.260000,576.578391,576.891489,576.578391
34.280000,576.495862,576.808853,576.495862
34.300000,576.413437,576.726323,576.413437
34.320000,576.331117,576.643897,576.331117
34.340000,576.248900,576.561576,576.248900
34.360000,576.166788,576.479359,576.166788
34.380000,576.084780,576.397245,576.084780
34.400000,576.002874,576.315235,576.002874
34.420000,575.921072,576.233329,575.921072
34.440000,575.839373,576.151525,575.839373
34.460000,575.757776,576.069824,575.757776
34.480000,575.676282,575.988226,575.676282
34.500000,575.594890,575.906730,575.594890
34.520000,575.513600,575.825336,575.513600
34.540000,575.432411,575.744043,575.432411
34.560000,575.351323,575.662852,575.351323
34.580000,575.270337,575.581763,575.270337
34.600000,575.189451,575.500774,575.189451
34.620000,575.108666,575.419886,575.108666
34.640000,575.027981,575.339099,575.027981
34.660000,574.947397,575.258411,574.947397
34.680000,574.866912,575.177824,574.866912
34.700000,574.786526,575.097336,574.786526
34.720000,574.706240,575.016948,574.706240
34.740000,574.626053,574.936659,574.626053
34.760000,574.545964,574.856469,574.545964
34.780000,574.465975,574.776377,574.465975
34.800000,574.386083,574.696385,574.386083
34.820000,574.306290,574.616490,574.306290
34.840000,574.226594,574.536693,574.226594
34.860000,574.146996,574.456994,574.146996
34.880000,574.067495,574.377392,574.067495
34.900000,573.988091,574.297888,573.988091
34.920000,573.908784,574.218480,573.908784
34.940000,573.829574,574.139169,573.829574
34.960000,573.750459,574.059955,573.750459
34.980000,573.671441,573.980837,573.671441
35.000000,573.592519,573.901815,573.592519
35.020000,573.513693,573.822889,573.513693
35.040000,573.434961,573.744058,573.434961
35.060000,573.356325,573.665322,573.356325
35.080000,573.277784,573.586682,573.277784
35.100000,573.199337,573.508136,573.199337
35.120000,573.120985,573.429685,573.120985
35.140000,573.042726,573.351328,573.042726
35.160000,572.964562,573.273065,572.964562
35.180000,572.886492,573.194896,572.886492
35.200000,572.808514,573.116820,572.808514
35.220000,572.730630,573.038838,572.730630
35.240000,572.652840,572.960949,572.652840
35.260000,572.575141,572.883153,572.575141
35.280000,572.497535,572.805449,572.497535
35.300000,572.420022,572.727838,572.420022
35.320000,572.342601,572.650319,572.342601
35.340000,572.265271,572.572893,572.265271
35.360000,572.188033,572.495557,572.188033
35.380000,572.110886,572.418314,572.110886
35.400000,572.033830,572.341161,572.033830
35.420000,571.956866,572.264100,571.956866
35.440000,571.879992,572.187129,571.879992
35.460000,571.803208,572.110249,571.803208
35.480000,571.726514,572.033459,571.726514
35.500000,571.649911,571.956759,571.649911
35.520000,571.573397,571.880150,571.573397
35.540000,571.496973,571.803630,571.496973
35.560000,571.420638,571.727199,571.420638
35.580000,571.344392,571.650857,571.344392
35.600000,571.268235,571.574605,571.268235
35.620000,571.192166,571.498441,571.192166
35.640000,571.116186,571.422366,571.116186
35.660000,571.040294,571.346379,571.040294
35.680000,570.964490,571.270480,570.964490
35.700000,570.888774,571.194669,570.888774
35.720000,570.813145,571.118946,570.813145
35.740000,570.737604,571.043310,570.737604
35.760000,570.662149,570.967761,570.662149
35.780000,570.586781,570.892300,570.586781
35.800000,570.511501,570.816925,570.511501
35.820000,570.436306,570.741636,570.436306
35.840000,570.361198,570.666434,570.361198
35.860000,570.286175,570.591318,570.286175
35.880000,570.211239,570.516288,570.211239
35.900000,570.136387,570.441344,570.136387
35.920000,570.061622,570.366485,570.061622
35.940000,569.986941,570.291711,569.986941
35.960000,569.912345,570.217022,569.912345
35.980000,569.837834,570.142419,569.837834
36.000000,569.763407,570.067899,569.763407
36.020000,569.689065,569.993464,569.689065
36.040000,569.614807,569.919114,569.614807
36.060000,569.540632,569.844847,569.540632
36.080000,569.466541,569.770664,569.466541
36.100000,569.392534,569.696565,569.392534
36.120000,569.318610,569.622549,569.318610
36.140000,569.244768,569.548616,569.244768
36.160000,569.171010,569.474766,569.171010
36.180000,569.097334,569.400998,569.097334
36.200000,569.023740,569.327313,569.023740
36.220000,568.950229,569.253711,568.950229
36.240000,568.876800,569.180190,568.876800
36.260000,568.803452,569.106752,568.803452
36.280000,568.730186,569.033395,568.730186
36.300000,568.657001,568.960119,568.657001
36.320000,568.583897,568.886925,568.583897
36.340000,568.510874,568.813812,568.510874
36.360000,568.437932,568.740780,568.437932
36.380000,568.365071,568.667828,568.365071
36.400000,568.292290,568.594957,568.292290
36.420000,568.219589,568.522166,568.219589
36.440000,568.146968,568.449455,568.146968
36.460000,568.074426,568.376824,568.074426
36.480000,568.001964,568.304273,568.001964
36.500000,567.929582,568.231801,567.929582
36.520000,567.857278,568.159408,567.857278
36.540000,567.785054,568.087095,567.785054
36.560000,567.712908,568.014860,567.712908
36.580000,567.640841,567.942704,567.640841
36.600000,567.568852,567.870626,567.568852
36.620000,567.496941,567.798626,567.496941
36.640000,567.425108,567.726705,567.425108
36.660000,567.353353,567.654861,567.353353
36.680000,567.281675,567.583096,567.281675
36.700000,567.210075,567.511407,567.210075
36.720000,567.138552,567.439796,567.138552
36.740000,567.067106,567.368262,567.067106
36.760000,566.995736,567.296805,566.995736
36.780000,566.924444,567.225425,566.924444
36.800000,566.853227,567.154121,566.853227
36.820000,566.782087,567.082893,566.782087
36.840000,566.711023,567.011742,566.711023
36.860000,566.640034,566.940666,566.640034
36.880000,566.569122,566.869666,566.569122
36.900000,566.498284,566.798742,566.498284
36.920000,566.427522,566.727893,566.427522
36.940000,566.356835,566.657119,566.356835
36.960000,566.286223,566.586421,566.286223
36.980000,566.215686,566.515797,566.215686
37.000000,566.145223,566.445247,566.145223
37.020000,566.074834,566.374773,566.074834
37.040000,566.004519,566.304372,566.004519
37.060000,565.934279,566.234045,565.934279
37.080000,565.864112,566.163793,565.864112
37.100000,565.794019,566.093614,565.794019
37.120000,565.723999,566.023508,565.723999
37.140000,565.654052,565.953476,565.654052
37.160000,565.584178,565.883517,565.584178
37.180000,565.514378,565.813631,565.514378
37.200000,565.444649,565.743817,565.444649
37.220000,565.374994,565.674077,565.374994
37.240000,565.305410,565.604408,565.305410
37.260000,565.235899,565.534812,565.235899
37.280000,565.166460,565.465288,565.166460
37.300000,565.097092,565.395836,565.097092
37.320000,565.027796,565.326455,565.027796
37.340000,564.958571,565.257146,564.958571
37.360000,564.889418,565.187908,564.889418
37.380000,564.820335,565.118742,564.820335
37.400000,564.751324,565.049646,564.751324
37.420000,564.682383,564.980621,564.682383
37.440000,564.613513,564.911667,564.613513
37.460000,564.544713,564.842784,564.544713
37.480000,564.475983,564.773970,564.475983
37.500000,564.407323,564.705227,564.407323
37.520000,564.338733,564.636553,564.338733
37.540000,564.270212,564.567949,564.270212
37.560000,564.201761,564.499415,564.201761
37.580000,564.133379,564.430950,564.133379
37.600000,564.065067,564.362555,564.065067
37.620000,563.996823,564.294228,563.996823
37.640000,563.928648,564.225971,563.928648
37.660000,563.860542,564.157782,563.860542
37.680000,563.792504,564.089661,563.792504
37.700000,563.724535,564.021609,563.724535
37.720000,563.656633,563.953626,563.656633
37.740000,563.588799,563.885710,563.588799
37.760000,563.521034,563.817862,563.521034
37.780000,563.453335,563.750082,563.453335
37.800000,563.385704,563.682369,563.385704
37.820000,563.318141,563.614723,563.318141
37.840000,563.250644,563.547145,563.250644
37.860000,563.183215,563.479634,563.183215
37.880000,563.115852,563.412190,563.115852
37.900000,563.048555,563.344812,563.048555
37.920000,562.981325,563.277501,562.981325
37.940000,562.914162,563.210256,562.914162
37.960000,562.847064,563.143077,562.847064
37.980000,562.780032,563.075965,562.780032
38.000000,562.713067,563.008918,562.713067
38.020000,562.646166,562.941937,562.646166
38.040000,562.579331,562.875021,562.579331
38.060000,562.512562,562.808171,562.512562
38.080000,562.445857,562.741386,562.445857
38.100000,562.379218,562.674666,562.379218
38.120000,562.312643,562.608011,562.312643
38.140000,562.246133,562.541421,562.246133
38.160000,562.179687,562.474895,562.179687
38.180000,562.113305,562.408434,562.113305
38.200000,562.046988,562.342036,562.046988
38.220000,561.980735,562.275703,561.980735
38.240000,561.914545,562.209434,561.914545
38.260000,561.848419,562.143229,561.848419
38.280000,561.782357,562.077087,561.782357
38.300000,561.716358,562.011009,561.716358
38.320000,561.650422,561.944994,561.650422
38.340000,561.584550,561.879042,561.584550
38.360000,561.518740,561.813153,561.518740
38.380000,561.452992,561.747327,561.452992
38.400000,561.387308,561.681563,561.387308
38.420000,561.321686,561.615863,561.321686
38.440000,561.256126,561.550224,561.256126
38.460000,561.190628,561.484648,561.190628
38.480000,561.125192,561.419133,561.125192
38.500000,561.059818,561.353681,561.059818
38.520000,560.994506,561.288290,560.994506
38.540000,560.929255,561.222961,560.929255
38.560000,560.864065,561.157693,560.864065
38.580000,560.798937,561.092487,560.798937
38.600000,560.733869,561.027342,560.733869
38.620000,560.668863,560.962257,560.668863
38.640000,560.603917,560.897234,560.603917
38.660000,560.539032,560.832271,560.539032
38.680000,560.474207,560.767369,560.474207
38.700000,560.409443,560.702527,560.409443
38.720000,560.344738,560.637745,560.344738
38.740000,560.280094,560.573024,560.280094
38.760000,560.215510,560.508362,560.215510
38.780000,560.150985,560.443761,560.150985
38.800000,560.086520,560.379218,560.086520
38.820000,560.022114,560.314736,560.022114
38.840000,559.957767,560.250312,559.957767
38.860000,559.893480,560.185948,559.893480
38.880000,559.829251,560.121643,559.829251
38.900000,559.765082,560.057397,559.765082
38.920000,559.700971,559.993209,559.700971
38.940000,559.636918,559.929081,559.636918
38.960000,559.572924,559.865010,559.572924
38.980000,559.508988,559.800998,559.508988
39.000000,559.445110,559.737044,559.445110
39.020000,559.381290,559.673149,559.381290
39.040000,559.317528,559.609311,559.317528
39.060000,559.253824,559.545531,559.253824
39.080000,559.190177,559.481808,559.190177
39.100000,559.126588,559.418143,559.126588
39.120000,559.063055,559.354535,559.063055
39.140000,558.999580,559.290985,558.999580
39.160000,558.936162,559.227491,558.936162
39.180000,558.872801,559.164055,558.872801
39.200000,558.809496,559.100675,558.809496
39.220000,558.746248,559.037352,558.746248
39.240000,558.683056,558.974085,558.683056
39.260000,558.619921,558.910875,558.619921
39.280000,558.556842,558.847720,558.556842
39.300000,558.493818,558.784622,558.493818
39.320000,558.430851,558.721580,558.430851
39.340000,558.367939,558.658594,558.367939
39.360000,558.305083,558.595663,558.305083
39.380000,558.242282,558.532788,558.242282
39.400000,558.179537,558.469968,558.179537
39.420000,558.116846,558.407204,558.116846
39.440000,558.054211,558.344495,558.054211
39.460000,557.991631,558.281840,557.991631
39.480000,557.929105,558.219241,557.929105
39.500000,557.866634,558.156696,557.866634
39.520000,557.804218,558.094206,557.804218
39.540000,557.741856,558.031770,557.741856
39.560000,557.679548,557.969388,557.679548
39.580000,557.617294,557.907061,557.617294
39.600000,557.555094,557.844788,557.555094
39.620000,557.492948,557.782568,557.492948
39.640000,557.430856,557.720403,557.430856
39.660000,557.368817,557.658291,557.368817
39.680000,557.306832,557.596232,557.306832
39.700000,557.244900,557.534227,557.244900
39.720000,557.183021,557.472276,557.183021
39.740000,557.121195,557.410377,557.121195
39.760000,557.059423,557.348531,557.059423
39.780000,556.997703,557.286739,556.997703
39.800000,556.936035,557.224999,556.936035
39.820000,556.874420,557.163311,556.874420
39.840000,556.812858,557.101676,556.812858
39.860000,556.751348,557.040094,556.751348
39.880000,556.689890,556.978563,556.689890
39.900000,556.628484,556.917085,556.628484
39.920000,556.567130,556.855659,556.567130
39.940000,556.505827,556.794285,556.505827
39.960000,556.444576,556.732962,556.444576
39.980000,556.383377,556.671691,556.383377
40.000000,556.322229,556.610471,556.322229
40.020000,556.261133,556.549303,556.261133
40.040000,556.200087,556.488186,556.200087
40.060000,556.139093,556.427120,556.139093
40.080000,556.078150,556.366105,556.078150
40.100000,556.017257,556.305140,556.017257
40.120000,555.956415,556.244227,555.956415
40.140000,555.895623,556.183364,555.895623
40.160000,555.834882,556.122552,555.834882
40.180000,555.774191,556.061790,555.774191
40.200000,555.713550,556.001078,555.713550
40.220000,555.652959,555.940416,555.652959
40.240000,555.592419,555.879804,555.592419
40.260000,555.531927,555.819242,555.531927
40.280000,555.471486,555.758730,555.471486
40.300000,555.411094,555.698268,555.411094
40.320000,555.350752,555.637855,555.350752
40.340000,555.290459,555.577491,555.290459
40.360000,555.230215,555.517177,555.230215
40.380000,555.170020,555.456911,555.170020
40.400000,555.109874,555.396695,555.109874
40.420000,555.049777,555.336528,555.049777
40.440000,554.989728,555.276409,554.989728
40.460000,554.929728,555.216339,554.929728
40.480000,554.869777,555.156318,554.869777
40.500000,554.809874,555.096345,554.809874
40.520000,554.750019,555.036420,554.750019
40.540000,554.690213,554.976544,554.690213
40.560000,554.630454,554.916716,554.630454
40.580000,554.570743,554.856935,554.570743
40.600000,554.511080,554.797203,554.511080
40.620000,554.451465,554.737518,554.451465
40.640000,554.391897,554.677881,554.391897
40.660000,554.332377,554.618291,554.332377
40.680000,554.272904,554.558749,554.272904
40.700000,554.213478,554.499254,554.213478
40.720000,554.154099,554.439806,554.154099
40.740000,554.094767,554.380405,554.094767
40.760000,554.035482,554.321051,554.035482
40.780000,553.976244,554.261744,553.976244
40.800000,553.917052,554.202483,553.917052
40.820000,553.857907,554.143270,553.857907
40.840000,553.798809,554.084102,553.798809
40.860000,553.739756,554.024981,553.739756
40.880000,553.680750,553.965906,553.680750
40.900000,553.621790,553.906878,553.621790
40.920000,553.562876,553.847895,553.562876
40.940000,553.504007,553.788959,553.504007
40.960000,553.445185,553.730068,553.445185
40.980000,553.386408,553.671223,553.386408
41.000000,553.327676,553.612423,553.327676
41.020000,553.268990,553.553669,553.268990
41.040000,553.210349,553.494960,553.210349
41.060000,553.151754,553.436297,553.151754
41.080000,553.093203,553.377678,553.093203
41.100000,553.034698,553.319105,553.034698
41.120000,552.976237,553.260577,552.976237
41.140000,552.917821,553.202093,552.917821
41.160000,552.859450,553.143654,552.859450
41.180000,552.801123,553.085260,552.801123
41.200000,552.742841,553.026910,552.742841
41.220000,552.684603,552.968605,552.684603
41.240000,552.626409,552.910344,552.626409
41.260000,552.568260,552.852127,552.568260
41.280000,552.510154,552.793954,552.510154
41.300000,552.452092,552.735825,552.452092
41.320000,552.394074,552.677740,552.394074
41.340000,552.336100,552.619699,552.336100
41.360000,552.278169,552.561701,552.278169
41.380000,552.220282,552.503747,552.220282
41.400000,552.162438,552.445837,552.162438
41.420000,552.104638,552.387970,552.104638
41.440000,552.046880,552.330146,552.046880
41.460000,551.989166,552.272365,551.989166
41.480000,551.931494,552.214627,551.931494
41.500000,551.873866,552.156932,551.873866
41.520000,551.816280,552.099280,551.816280
41.540000,551.758737,552.041670,551.758737
41.560000,551.701237,551.984104,551.701237
41.580000,551.643778,551.926579,551.643778
41.600000,551.586363,551.869097,551.586363
41.620000,551.528989,551.811658,551.528989
41.640000,551.471658,551.754261,551.471658
41.660000,551.414368,551.696905,551.414368
41.680000,551.357121,551.639592,551.357121
41.700000,551.299916,551.582321,551.299916
41.720000,551.242752,551.525091,551.242752
41.740000,551.185630,551.467903,551.185630
41.760000,551.128549,551.410757,551.128549
41.780000,551.071510,551.353653,551.071510
41.800000,551.014512,551.296589,551.014512
41.820000,550.957555,551.239567,550.957555
41.840000,550.900640,551.182587,550.900640
41.860000,550.843766,551.125647,550.843766
41.880000,550.786932,551.068748,550.786932
41.900000,550.730140,551.011891,550.730140
41.920000,550.673388,550.955074,550.673388
41.940000,550.616677,550.898298,550.616677
41.960000,550.560006,550.841562,550.560006
41.980000,550.503376,550.784867,550.503376
42.000000,550.446786,550.728212,550.446786
42.020000,550.390237,550.671598,550.390237
42.040000,550.333728,550.615024,550.333728
42.060000,550.277259,550.558490,550.277259
42.080000,550.220829,550.501997,550.220829
42.100000,550.164440,550.445543,550.164440
42.120000,550.108091,550.389129,550.108091
42.140000,550.051781,550.332755,550.051781
42.160000,549.995511,550.276420,549.995511
42.180000,549.939280,550.220125,549.939280
42.200000,549.883089,550.163870,549.883089
42.220000,549.826937,550.107654,549.826937
42.240000,549.770824,550.051477,549.770824
42.260000,549.714750,549.995339,549.714750
42.280000,549.658716,549.939241,549.658716
42.300000,549.602720,549.883181,549.602720
42.320000,549.546764,549.827161,549.546764
42.340000,549.490846,549.771179,549.490846
42.360000,549.434967,549.715236,549.434967
42.380000,549.379126,549.659332,549.379126
42.400000,549.323324,549.603466,549.323324
42.420000,549.267560,549.547639,549.267560
42.440000,549.211835,549.491850,549.211835
42.460000,549.156148,549.436099,549.156148
42.480000,549.100499,549.380387,549.100499
42.500000,549.044888,549.324712,549.044888
42.520000,548.989315,549.269076,548.989315
42.540000,548.933779,549.213478,548.933779
42.560000,548.878282,549.157917,548.878282
42.580000,548.822822,549.102394,548.822822
42.600000,548.767400,549.046909,548.767400
42.620000,548.712016,548.991461,548.712016
42.640000,548.656668,548.936051,548.656668
42.660000,548.601359,548.880679,548.601359
42.680000,548.546086,548.825343,548.546086
42.700000,548.490850,548.770045,548.490850
42.720000,548.435652,548.714784,548.435652
42.740000,548.380491,548.659560,548.380491
42.760000,548.325366,548.604373,548.325366
42.780000,548.270278,548.549223,548.270278
42.800000,548.215228,548.494109,548.215228
42.820000,548.160213,548.439032,548.160213
42.840000,548.105235,548.383992,548.105235
42.860000,548.050294,548.328989,548.050294
42.880000,547.995389,548.274021,547.995389
42.900000,547.940520,548.219090,547.940520
42.920000,547.885688,548.164196,547.885688
42.940000,547.830892,548.109337,547.830892
42.960000,547.776131,548.054515,547.776131
42.980000,547.721407,547.999729,547.721407
43.000000,547.666719,547.944978,547.666719
43.020000,547.612066,547.890264,547.612066
43.040000,547.557449,547.835585,547.557449
43.060000,547.502868,547.780942,547.502868
43.080000,547.448322,547.726334,547.448322
43.100000,547.393811,547.671762,547.393811
43.120000,547.339336,547.617226,547.339336
43.140000,547.284897,547.562724,547.284897
43.160000,547.230492,547.508258,547.230492
43.180000,547.176123,547.453828,547.176123
43.200000,547.121788,547.399432,547.121788
43.220000,547.067489,547.345071,547.067489
43.240000,547.013224,547.290745,547.013224
43.260000,546.958995,547.236454,546.958995
43.280000,546.904799,547.182198,546.904799
43.300000,546.850639,547.127976,546.850639
43.320000,546.796513,547.073790,546.796513
43.340000,546.742422,547.019637,546.742422
43.360000,546.688365,546.965519,546.688365
43.380000,546.634342,546.911435,546.634342
43.400000,546.580354,546.857386,546.580354
43.420000,546.526399,546.803371,546.526399
43.440000,546.472479,546.749390,546.472479
43.460000,546.418593,546.695443,546.418593
43.480000,546.364740,546.641530,546.364740
43.500000,546.310922,546.587651,546.310922
43.520000,546.257137,546.533805,546.257137
43.540000,546.203386,546.479994,546.203386
43.560000,546.149668,546.426216,546.149668
43.580000,546.095984,546.372471,546.095984
43.600000,546.042334,546.318761,546.042334
43.620000,545.988716,546.265083,545.988716
43.640000,545.935132,546.211439,545.935132
43.660000,545.881582,546.157828,545.881582
43.680000,545.828064,546.104250,545.828064
43.700000,545.774580,546.050706,545.774580
43.720000,545.721128,545.997194,545.721128
43.740000,545.667709,545.943715,545.667709
43.760000,545.614323,545.890270,545.614323
43.780000,545.560970,545.836857,545.560970
43.800000,545.507650,545.783476,545.507650
43.820000,545.454362,545.730129,545.454362
43.840000,545.401107,545.676814,545.401107
43.860000,545.347884,545.623531,545.347884
43.880000,545.294693,545.570281,545.294693
43.900000,545.241535,545.517063,545.241535
43.920000,545.188409,545.463878,545.188409
43.940000,545.135315,545.410724,545.135315
43.960000,545.082253,545.357603,545.082253
43.980000,545.029224,545.304514,545.029224
44.000000,544.976226,545.251457,544.976226
44.020000,544.923260,545.198431,544.923260
44.040000,544.870326,545.145438,544.870326
44.060000,544.817423,545.092476,544.817423
44.080000,544.764552,545.039546,544.764552
44.100000,544.711713,544.986648,544.711713
44.120000,544.658905,544.933781,544.658905
44.140000,544.606128,544.880945,544.606128
44.160000,544.553383,544.828141,544.553383
44.180000,544.500669,544.775368,544.500669
44.200000,544.447987,544.722627,544.447987
44.220000,544.395335,544.669916,544.395335
44.240000,544.342715,544.617237,544.342715
44.260000,544.290125,544.564589,544.290125
44.280000,544.237566,544.511972,544.237566
44.300000,544.185039,544.459385,544.185039
44.320000,544.132542,544.406830,544.132542
44.340000,544.080075,544.354305,544.080075
44.360000,544.027640,544.301811,544.027640
44.380000,543.975234,544.249347,543.975234
44.400000,543.922860,544.196914,543.922860
44.420000,543.870515,544.144511,543.870515
44.440000,543.818202,544.092139,543.818202
44.460000,543.765918,544.039797,543.765918
44.480000,543.713664,543.987486,543.713664
44.500000,543.661441,543.935204,543.661441
44.520000,543.609248,543.882953,543.609248
44.540000,543.557085,543.830732,543.557085
44.560000,543.504951,543.778540,543.504951
44.580000,543.452848,543.726379,543.452848
44.600000,543.400774,543.674247,543.400774
44.620000,543.348730,543.622145,543.348730
44.640000,543.296716,543.570073,543.296716
44.660000,543.244731,543.518031,543.244731
44.680000,543.192776,543.466018,543.192776
44.700000,543.140850,543.414035,543.140850
44.720000,543.088954,543.362081,543.088954
44.740000,543.037087,543.310156,543.037087
44.760000,542.985249,543.258261,542.985249
44.780000,542.933441,543.206395,542.933441
44.800000,542.881661,543.154558,542.881661
44.820000,542.829911,543.102750,542.829911
44.840000,542.778190,543.050971,542.778190
44.860000,542.726497,542.999221,542.726497
44.880000,542.674833,542.947500,542.674833
44.900000,542.623199,542.895808,542.623199
44.920000,542.571592,542.844145,542.571592
44.940000,542.520015,542.792510,542.520015
44.960000,542.468466,542.740904,542.468466
44.980000,542.416946,542.689327,542.416946
45.000000,542.365454,542.637778,542.365454
45.020000,542.313990,542.586257,542.313990
45.040000,542.262555,542.534765,542.262555
45.060000,542.211148,542.483302,542.211148
45.080000,542.159770,542.431866,542.159770
45.100000,542.108419,542.380459,542.108419
45.120000,542.057097,542.329079,542.057097
45.140000,542.005802,542.277728,542.005802
45.160000,541.954536,542.226405,541.954536
45.180000,541.903297,542.175110,541.903297
45.200000,541.852086,542.123842,541.852086
45.220000,541.800903,542.072603,541.800903
45.240000,541.749748,542.021391,541.749748
45.260000,541.698620,541.970207,541.698620
45.280000,541.647520,541.919050,541.647520
45.300000,541.596447,541.867921,541.596447
45.320000,541.545402,541.816820,541.545402
45.340000,541.494384,541.765746,541.494384
45.360000,541.443394,541.714699,541.443394
45.380000,541.392431,541.663680,541.392431
45.400000,541.341495,541.612688,541.341495
45.420000,541.290586,541.561723,541.290586
45.440000,541.239704,541.510785,541.239704
45.460000,541.188849,541.459874,541.188849
45.480000,541.138022,541.408990,541.138022
45.500000,541.087221,541.358133,541.087221
45.520000,541.036447,541.307303,541.036447
45.540000,540.985699,541.256500,540.985699
45.560000,540.934979,541.205724,540.934979
45.580000,540.884285,541.154974,540.884285
45.600000,540.833617,541.104251,540.833617
45.620000,540.782977,541.053554,540.782977
45.640000,540.732362,541.002884,540.732362
45.660000,540.681774,540.952241,540.681774
45.680000,540.631213,540.901624,540.631213
45.700000,540.580678,540.851033,540.580678
45.720000,540.530169,540.800468,540.530169
45.740000,540.479686,540.749930,540.479686
45.760000,540.429229,540.699418,540.429229
45.780000,540.378798,540.648932,540.378798
45.800000,540.328394,540.598472,540.328394
45.820000,540.278015,540.548038,540.278015
45.840000,540.227662,540.497630,540.227662
45.860000,540.177335,540.447248,540.177335
45.880000,540.127034,540.396891,540.127034
45.900000,540.076759,540.346561,540.076759
45.920000,540.026509,540.296256,540.026509
45.940000,539.976284,540.245976,539.976284
45.960000,539.926086,540.195723,539.926086
45.980000,539.875913,540.145495,539.875913
46.000000,539.825765,540.095292,539.825765
46.020000,539.775642,540.045115,539.775642
46.040000,539.725545,539.994963,539.725545
46.060000,539.675473,539.944836,539.675473
46.080000,539.625427,539.894734,539.625427
46.100000,539.575405,539.844658,539.575405
46.120000,539.525409,539.794607,539.525409
46.140000,539.475438,539.744581,539.475438
46.160000,539.425491,539.694580,539.425491
46.180000,539.375570,539.644604,539.375570
46.200000,539.325673,539.594653,539.325673
46.220000,539.275801,539.544727,539.275801
46.240000,539.225954,539.494825,539.225954
46.260000,539.176132,539.444948,539.176132
46.280000,539.126334,539.395096,539.126334
46.300000,539.076561,539.345269,539.076561
46.320000,539.026813,539.295466,539.026813
46.340000,538.977089,539.245688,538.977089
46.360000,538.927389,539.195934,538.927389
46.380000,538.877714,539.146204,538.877714
46.400000,538.828063,539.096499,538.828063
46.420000,538.778436,539.046819,538.778436
46.440000,538.728834,538.997162,538.728834
46.460000,538.679256,538.947530,538.679256
46.480000,538.629702,538.897922,538.629702
46.500000,538.580171,538.848337,538.580171
46.520000,538.530665,538.798777,538.530665
46.540000,538.481183,538.749241,538.481183
46.560000,538.431725,538.699729,538.431725
46.580000,538.382291,538.650241,538.382291
46.600000,538.332880,538.600777,538.332880
46.620000,538.283493,538.551336,538.283493
46.640000,538.234130,538.501919,538.234130
46.660000,538.184790,538.452526,538.184790
46.680000,538.135474,538.403156,538.135474
46.700000,538.086182,538.353810,538.086182
46.720000,538.036913,538.304487,538.036913
46.740000,537.987667,538.255188,537.987667
46.760000,537.938445,538.205913,537.938445
46.780000,537.889246,538.156660,537.889246
46.800000,537.840071,538.107431,537.840071
46.820000,537.790918,538.058225,537.790918
46.840000,537.741789,538.009043,537.741789
46.860000,537.692683,537.959884,537.692683
46.880000,537.643600,537.910747,537.643600
46.900000,537.594540,537.861634,537.594540
46.920000,537.545503,537.812544,537.545503
46.940000,537.496489,537.763476,537.496489
46.960000,537.447498,537.714432,537.447498
46.980000,537.398529,537.665411,537.398529
47.000000,537.349584,537.616412,537.349584
47.020000,537.300661,537.567436,537.300661
47.040000,537.251760,537.518483,537.251760
47.060000,537.202883,537.469552,537.202883
47.080000,537.154028,537.420644,537.154028
47.100000,537.105195,537.371758,537.105195
47.120000,537.056385,537.322895,537.056385
47.140000,537.007597,537.274055,537.007597
47.160000,536.958832,537.225237,536.958832
47.180000,536.910089,537.176441,536.910089
47.200000,536.861368,537.127668,536.861368
47.220000,536.812670,537.078917,536.812670
47.240000,536.763993,537.030188,536.763993
47.260000,536.715339,536.981481,536.715339
47.280000,536.666707,536.932796,536.666707
47.300000,536.618097,536.884134,536.618097
47.320000,536.569509,536.835493,536.569509
47.340000,536.520943,536.786874,536.520943
47.360000,536.472399,536.738278,536.472399
47.380000,536.423876,536.689703,536.423876
47.400000,536.375376,536.641150,536.375376
47.420000,536.326897,536.592619,536.326897
47.440000,536.278440,536.544109,536.278440
47.460000,536.230004,536.495621,536.230004
47.480000,536.181590,536.447155,536.181590
47.500000,536.133198,536.398711,536.133198
47.520000,536.084827,536.350288,536.084827
47.540000,536.036478,536.301886,536.036478
47.560000,535.988150,536.253506,535.988150
47.580000,535.939843,536.205148,535.939843
47.600000,535.891558,536.156810,535.891558
47.620000,535.843294,536.108494,535.843294
47.640000,535.795051,536.060200,535.795051
47.660000,535.746830,536.011926,535.746830
47.680000,535.698630,535.963674,535.698630
47.700000,535.650450,535.915443,535.650450
47.720000,535.602292,535.867233,535.602292
47.740000,535.554155,535.819044,535.554155
47.760000,535.506039,535.770876,535.506039
47.780000,535.457943,535.722729,535.457943
47.800000,535.409869,535.674602,535.409869
47.820000,535.361815,535.626497,535.361815
47.840000,535.313782,535.578413,535.313782
47.860000,535.265770,535.530349,535.265770
47.880000,535.217779,535.482306,535.217779
47.900000,535.169808,535.434284,535.169808
47.920000,535.121858,535.386282,535.121858
47.940000,535.073928,535.338301,535.073928
47.960000,535.026019,535.290340,535.026019
47.980000,534.978131,535.242400,534.978131
48.000000,534.930262,535.194481,534.930262
48.020000,534.882415,535.146581,534.882415
48.040000,534.834587,535.098703,534.834587
48.060000,534.786780,535.050844,534.786780
48.080000,534.738993,535.003006,534.738993
48.100000,534.691226,534.955188,534.691226
48.120000,534.643480,534.907390,534.643480
48.140000,534.595753,534.859613,534.595753
48.160000,534.548047,534.811855,534.548047
48.180000,534.500361,534.764118,534.500361
48.200000,534.452695,534.716401,534.452695
48.220000,534.405048,534.668703,534.405048
48.240000,534.357422,534.621026,534.357422
48.260000,534.309815,534.573369,534.309815
48.280000,534.262229,534.525731,534.262229
48.300000,534.214662,534.478113,534.214662
48.320000,534.167115,534.430515,534.167115
48.340000,534.119587,534.382937,534.119587
48.360000,534.072079,534.335378,534.072079
48.380000,534.024591,534.287839,534.024591
48.400000,533.977122,534.240320,533.977122
48.420000,533.929673,534.192820,533.929673
48.440000,533.882244,534.145340,533.882244
48.460000,533.834834,534.097879,533.834834
48.480000,533.787443,534.050437,533.787443
48.500000,533.740071,534.003015,533.740071
48.520000,533.692719,533.955613,533.692719
48.540000,533.645387,533.908229,533.645387
48.560000,533.598073,533.860865,533.598073
48.580000,533.550779,533.813521,533.550779
48.600000,533.503504,533.766195,533.503504
48.620000,533.456248,533.718889,533.456248
48.640000,533.409011,533.671601,533.409011
48.660000,533.361793,533.624333,533.361793
48.680000,533.314594,533.577084,533.314594
48.700000,533.267414,533.529854,533.267414
48.720000,533.220253,533.482642,533.220253
48.740000,533.173111,533.435450,533.173111
48.760000,533.125988,533.388277,533.125988
48.780000,533.078883,533.341122,533.078883
48.800000,533.031798,533.293986,533.031798
48.820000,532.984731,533.246869,532.984731
48.840000,532.937682,533.199771,532.937682
48.860000,532.890653,533.152691,532.890653
48.880000,532.843642,533.105630,532.843642
48.900000,532.796649,533.058588,532.796649
48.920000,532.749675,533.011564,532.749675
48.940000,532.702720,532.964558,532.702720
48.960000,532.655783,532.917571,532.655783
48.980000,532.608864,532.870603,532.608864
49.000000,532.561964,532.823653,532.561964
49.020000,532.515082,532.776721,532.515082
49.040000,532.468219,532.729808,532.468219
49.060000,532.421374,532.682913,532.421374
49.080000,532.374547,532.636036,532.374547
49.100000,532.327738,532.589178,532.327738
49.120000,532.280947,532.542337,532.280947
49.140000,532.234174,532.495515,532.234174
49.160000,532.187420,532.448711,532.187420
49.180000,532.140683,532.401925,532.140683
49.200000,532.093965,532.355156,532.093965
49.220000,532.047264,532.308406,532.047264
49.240000,532.000582,532.261674,532.000582
49.260000,531.953917,532.214960,531.953917
49.280000,531.907270,532.168264,531.907270
49.300000,531.860641,532.121585,531.860641
49.320000,531.814029,532.074924,531.814029
49.340000,531.767436,532.028281,531.767436
49.360000,531.720860,531.981656,531.720860
49.380000,531.674302,531.935049,531.674302
49.400000,531.627761,531.888459,531.627761
49.420000,531.581238,531.841886,531.581238
49.440000,531.534733,531.795332,531.534733
49.460000,531.488245,531.748795,531.488245
49.480000,531.441774,531.702275,531.441774
49.500000,531.395321,531.655773,531.395321
49.520000,531.348886,531.609288,531.348886
49.540000,531.302467,531.562821,531.302467
49.560000,531.256066,531.516371,531.256066
49.580000,531.209683,531.469938,531.209683
49.600000,531.163316,531.423523,531.163316
49.620000,531.116967,531.377125,531.116967
49.640000,531.070635,531.330744,531.070635
49.660000,531.024321,531.284380,531.024321
49.680000,530.978023,531.238034,530.978023
49.700000,530.931742,531.191704,530.931742
49.720000,530.885479,531.145392,530.885479
49.740000,530.839232,531.099097,530.839232
49.760000,530.793003,531.052818,530.793003
49.780000,530.746790,531.006557,530.746790
49.800000,530.700595,530.960313,530.700595
49.820000,530.654416,530.914085,530.654416
49.840000,530.608254,530.867875,530.608254
49.860000,530.562109,530.821681,530.562109
49.880000,530.515981,530.775504,530.515981
49.900000,530.469869,530.729344,530.469869
49.920000,530.423774,530.683200,530.423774
49.940000,530.377696,530.637073,530.377696
49.960000,530.331634,530.590963,530.331634
49.980000,530.285589,530.544870,530.285589
50.000000,530.239561,530.498793,530.239561
50.020000,530.193549,530.452733,530.193549
50.040000,530.147554,530.406689,530.147554
50.060000,530.101575,530.360662,530.101575
50.080000,530.055612,530.314651,530.055612
50.100000,530.009666,530.268656,530.009666
50.120000,529.963737,530.222678,529.963737
50.140000,529.917823,530.176717,529.917823
50.160000,529.871926,530.130771,529.871926
50.180000,529.826045,530.084842,529.826045
50.200000,529.780181,530.038930,529.780181
50.220000,529.734332,529.993033,529.734332
50.240000,529.688500,529.947153,529.688500
50.260000,529.642684,529.901289,529.642684
50.280000,529.596884,529.855441,529.596884
50.300000,529.551100,529.809609,529.551100
50.320000,529.505333,529.763793,529.505333
50.340000,529.459581,529.717993,529.459581
50.360000,529.413845,529.672209,529.413845
50.380000,529.368125,529.626441,529.368125
50.400000,529.322421,529.580689,529.322421
50.420000,529.276733,529.534953,529.276733
50.440000,529.231061,529.489233,529.231061
50.460000,529.185404,529.443529,529.185404
50.480000,529.139763,529.397840,529.139763
50.500000,529.094139,529.352168,529.094139
50.520000,529.048529,529.306511,529.048529
50.540000,529.002936,529.260869,529.002936
50.560000,528.957358,529.215244,528.957358
50.580000,528.911796,529.169634,528.911796
50.600000,528.866249,529.124040,528.866249
50.620000,528.820718,529.078461,528.820718
50.640000,528.775202,529.032898,528.775202
50.660000,528.729702,528.987350,528.729702
50.680000,528.684218,528.941818,528.684218
50.700000,528.638749,528.896301,528.638749
50.720000,528.593295,528.850800,528.593295
50.740000,528.547857,528.805314,528.547857
50.760000,528.502433,528.759843,528.502433
50.780000,528.457026,528.714388,528.457026
50.800000,528.411633,528.668948,528.411633
50.820000,528.366256,528.623524,528.366256
50.840000,528.320894,528.578114,528.320894
50.860000,528.275547,528.532720,528.275547
50.880000,528.230216,528.487341,528.230216
50.900000,528.184899,528.441978,528.184899
50.920000,528.139598,528.396629,528.139598
50.940000,528.094312,528.351295,528.094312
50.960000,528.049040,528.305977,528.049040
50.980000,528.003784,528.260674,528.003784
51.000000,527.958543,528.215385,527.958543
51.020000,527.913317,528.170112,527.913317
51.040000,527.868105,528.124853,527.868105
51.060000,527.822909,528.079609,527.822909
51.080000,527.777727,528.034381,527.777727
51.100000,527.732560,527.989167,527.732560
51.120000,527.687408,527.943968,527.687408
51.140000,527.642271,527.898784,527.642271
51.160000,527.597149,527.853614,527.597149
51.180000,527.552041,527.808459,527.552041
51.200000,527.506948,527.763319,527.506948
51.220000,527.461869,527.718194,527.461869
51.240000,527.416806,527.673083,527.416806
51.260000,527.371756,527.627987,527.371756
51.280000,527.326722,527.582906,527.326722
51.300000,527.281702,527.537839,527.281702
51.320000,527.236696,527.492787,527.236696
51.340000,527.191705,527.447749,527.191705
51.360000,527.146728,527.402725,527.146728
51.380000,527.101766,527.357716,527.101766
51.400000,527.056818,527.312722,527.056818
51.420000,527.011885,527.267742,527.011885
51.440000,526.966966,527.222776,526.966966
51.460000,526.922061,527.177825,526.922061
51.480000,526.877171,527.132888,526.877171
51.500000,526.832294,527.087965,526.832294
51.520000,526.787432,527.043056,526.787432
51.540000,526.742585,526.998162,526.742585
51.560000,526.697751,526.953282,526.697751
51.580000,526.652932,526.908416,526.652932
51.600000,526.608126,526.863564,526.608126
51.620000,526.563335,526.818726,526.563335
51.640000,526.518558,526.773903,526.518558
51.660000,526.473795,526.729093,526.473795
51.680000,526.429046,526.684298,526.429046
51.700000,526.384311,526.639516,526.384311
51.720000,526.339589,526.594749,526.339589
51.740000,526.294882,526.549995,526.294882
51.760000,526.250189,526.505256,526.250189
51.780000,526.205509,526.460530,526.205509
51.800000,526.160844,526.415818,526.160844
51.820000,526.116192,526.371120,526.116192
51.840000,526.071554,526.326436,526.071554
51.860000,526.026930,526.281765,526.026930
51.880000,525.982319,526.237109,525.982319
51.900000,525.937722,526.192466,525.937722
51.920000,525.893139,526.147837,525.893139
51.940000,525.848570,526.103221,525.848570
51.960000,525.804014,526.058619,525.804014
51.980000,525.759472,526.014031,525.759472
52.000000,525.714943,525.969456,525.714943
52.020000,525.670428,525.924895,525.670428
52.040000,525.625927,525.880348,525.625927
52.060000,525.581439,525.835814,525.581439
52.080000,525.536964,525.791293,525.536964
52.100000,525.492503,525.746786,525.492503
52.120000,525.448055,525.702293,525.448055
52.140000,525.403621,525.657813,525.403621
52.160000,525.359200,525.613346,525.359200
52.180000,525.314793,525.568893,525.314793
52.200000,525.270398,525.524453,525.270398
52.220000,525.226017,525.480026,525.226017
52.240000,525.181650,525.435613,525.181650
52.260000,525.137295,525.391212,525.137295
52.280000,525.092954,525.346826,525.092954
52.300000,525.048626,525.302452,525.048626
52.320000,525.004311,525.258091,525.004311
52.340000,524.960010,525.213744,524.960010
52.360000,524.915721,525.169410,524.915721
52.380000,524.871446,525.125089,524.871446
52.400000,524.827183,525.080781,524.827183
52.420000,524.782934,525.036486,524.782934
52.440000,524.738698,524.992204,524.738698
52.460000,524.694474,524.947935,524.694474
52.480000,524.650264,524.903680,524.650264
52.500000,524.606067,524.859437,524.606067
52.520000,524.561882,524.815207,524.561882
52.540000,524.517711,524.770990,524.517711
52.560000,524.473552,524.726786,524.473552
52.580000,524.429406,524.682594,524.429406
52.600000,524.385273,524.638416,524.385273
52.620000,524.341153,524.594251,524.341153
52.640000,524.297045,524.550098,524.297045
52.660000,524.252951,524.505958,524.252951
52.680000,524.208869,524.461831,524.208869
52.700000,524.164799,524.417716,524.164799
52.720000,524.120743,524.373614,524.120743
52.740000,524.076699,524.329525,524.076699
52.760000,524.032668,524.285449,524.032668
52.780000,523.988649,524.241385,523.988649
52.800000,523.944643,524.197333,523.944643
52.820000,523.900649,524.153295,523.900649
52.840000,523.856668,524.109269,523.856668
52.860000,523.812700,524.065255,523.812700
52.880000,523.768744,524.021254,523.768744
52.900000,523.724800,523.977265,523.724800
52.920000,523.680869,523.933289,523.680869
52.940000,523.636950,523.889326,523.636950
52.960000,523.593044,523.845374,523.593044
52.980000,523.549150,523.801435,523.549150
53.000000,523.505269,523.757509,523.505269
53.020000,523.461399,523.713595,523.461399
53.040000,523.417542,523.669693,523.417542
53.060000,523.373698,523.625803,523.373698
53.080000,523.329865,523.581926,523.329865
53.100000,523.286045,523.538061,523.286045
53.120000,523.242237,523.494208,523.242237
53.140000,523.198441,523.450368,523.198441
53.160000,523.154658,523.406540,523.154658
53.180000,523.110886,523.362723,523.110886
53.200000,523.067127,523.318919,523.067127
53.220000,523.023380,523.275127,523.023380
53.240000,522.979645,523.231348,522.979645
53.260000,522.935922,523.187580,522.935922
53.280000,522.892211,523.143824,522.892211
53.300000,522.848512,523.100080,522.848512
53.320000,522.804824,523.056349,522.804824
53.340000,522.761149,523.012629,522.761149
53.360000,522.717486,522.968921,522.717486
53.380000,522.673835,522.925226,522.673835
53.400000,522.630196,522.881542,522.630196
53.420000,522.586568,522.837870,522.586568
53.440000,522.542953,522.794210,522.542953
53.460000,522.499349,522.750561,522.499349
53.480000,522.455757,522.706925,522.455757
53.500000,522.412177,522.663300,522.412177
53.520000,522.368608,522.619688,522.368608
53.540000,522.325052,522.576087,522.325052
53.560000,522.281507,522.532497,522.281507
53.580000,522.237973,522.488920,522.237973
53.600000,522.194452,522.445354,522.194452
53.620000,522.150942,522.401800,522.150942
53.640000,522.107444,522.358257,522.107444
53.660000,522.063957,522.314726,522.063957
53.680000,522.020482,522.271207,522.020482
53.700000,521.977019,522.227699,521.977019
53.720000,521.933567,522.184203,521.933567
53.740000,521.890126,522.140719,521.890126
53.760000,521.846698,522.097246,521.846698
53.780000,521.803280,522.053784,521.803280
53.800000,521.759874,522.010334,521.759874
53.820000,521.716480,521.966895,521.716480
53.840000,521.673097,521.923468,521.673097
53.860000,521.629725,521.880053,521.629725
53.880000,521.586365,521.836648,521.586365
53.900000,521.543016,521.793255,521.543016
53.920000,521.499679,521.749874,521.499679
53.940000,521.456352,521.706504,521.456352
53.960000,521.413038,521.663145,521.413038
53.980000,521.369734,521.619797,521.369734
54.000000,521.326442,521.576461,521.326442
54.020000,521.283161,521.533136,521.283161
54.040000,521.239891,521.489822,521.239891
54.060000,521.196632,521.446520,521.196632
54.080000,521.153384,521.403228,521.153384
54.100000,521.110148,521.359948,521.110148
54.120000,521.066923,521.316679,521.066923
54.140000,521.023709,521.273421,521.023709
54.160000,520.980506,521.230175,520.980506
54.180000,520.937314,521.186939,520.937314
54.200000,520.894133,521.143714,520.894133
54.220000,520.850964,521.100501,520.850964
54.240000,520.807805,521.057298,520.807805
54.260000,520.764657,521.014107,520.764657
54.280000,520.721520,520.970927,520.721520
54.300000,520.678394,520.927757,520.678394
54.320000,520.635280,520.884599,520.635280
54.340000,520.592176,520.841451,520.592176
54.360000,520.549083,520.798315,520.549083
54.380000,520.506001,520.755189,520.506001
54.400000,520.462929,520.712074,520.462929
54.420000,520.419869,520.668970,520.419869
54.440000,520.376819,520.625877,520.376819
54.460000,520.333780,520.582795,520.333780
54.480000,520.290752,520.539723,520.290752
54.500000,520.247735,520.496662,520.247735
54.520000,520.204729,520.453612,520.204729
54.540000,520.161733,520.410573,520.161733
54.560000,520.118748,520.367545,520.118748
54.580000,520.075774,520.324527,520.075774
54.600000,520.032810,520.281520,520.032810
54.620000,519.989857,520.238524,519.989857
54.640000,519.946914,520.195538,519.946914
54.660000,519.903983,520.152563,519.903983
54.680000,519.861061,520.109598,519.861061
54.700000,519.818151,520.066644,519.818151
54.720000,519.775251,520.023701,519.775251
54.740000,519.732361,519.980768,519.732361
54.760000,519.689482,519.937846,519.689482
54.780000,519.646614,519.894935,519.646614
54.800000,519.603756,519.852033,519.603756
54.820000,519.560908,519.809143,519.560908
54.840000,519.518071,519.766263,519.518071
54.860000,519.475245,519.723393,519.475245
54.880000,519.432429,519.680533,519.432429
54.900000,519.389623,519.637685,519.389623
54.920000,519.346827,519.594846,519.346827
54.940000,519.304042,519.552018,519.304042
54.960000,519.261268,519.509200,519.261268
54.980000,519.218503,519.466393,519.218503
55.000000,519.175749,519.423596,519.175749
55.020000,519.133005,519.380809,519.133005
55.040000,519.090272,519.338032,519.090272
55.060000,519.047548,519.295266,519.047548
55.080000,519.004835,519.252510,519.004835
55.100000,518.962132,519.209764,518.962132
55.120000,518.919440,519.167029,518.919440
55.140000,518.876757,519.124303,518.876757
55.160000,518.834085,519.081588,518.834085
55.180000,518.791423,519.038883,518.791423
55.200000,518.748771,518.996188,518.748771
55.220000,518.706129,518.953503,518.706129
55.240000,518.663497,518.910829,518.663497
55.260000,518.620875,518.868164,518.620875
55.280000,518.578264,518.825510,518.578264
55.300000,518.535662,518.782865,518.535662
55.320000,518.493070,518.740231,518.493070
55.340000,518.450489,518.697607,518.450489
55.360000,518.407917,518.654992,518.407917
55.380000,518.365355,518.612388,518.365355
55.400000,518.322804,518.569794,518.322804
55.420000,518.280262,518.527209,518.280262
55.440000,518.237730,518.484635,518.237730
55.460000,518.195208,518.442070,518.195208
55.480000,518.152696,518.399515,518.152696
55.500000,518.110194,518.356971,518.110194
55.520000,518.067701,518.314436,518.067701
55.540000,518.025219,518.271911,518.025219
55.560000,517.982746,518.229395,517.982746
55.580000,517.940283,518.186890,517.940283
55.600000,517.897830,518.144394,517.897830
55.620000,517.855387,518.101909,517.855387
55.640000,517.812953,518.059433,517.812953
55.660000,517.770529,518.016966,517.770529
55.680000,517.728115,517.974510,517.728115
55.700000,517.685711,517.932063,517.685711
55.720000,517.643316,517.889626,517.643316
55.740000,517.600931,517.847198,517.600931
55.760000,517.558555,517.804780,517.558555
55.780000,517.516189,517.762372,517.516189
55.800000,517.473833,517.719974,517.473833
55.820000,517.431487,517.677585,517.431487
55.840000,517.389150,517.635206,517.389150
55.860000,517.346822,517.592836,517.346822
55.880000,517.304504,517.550476,517.304504
55.900000,517.262196,517.508125,517.262196
55.920000,517.219897,517.465784,517.219897
55.940000,517.177608,517.423453,517.177608
55.960000,517.135328,517.381131,517.135328
55.980000,517.093058,517.338818,517.093058
56.000000,517.050797,517.296515,517.050797
56.020000,517.008545,517.254222,517.008545
56.040000,516.966303,517.211937,516.966303
56.060000,516.924071,517.169663,516.924071
56.080000,516.881848,517.127397,516.881848
56.100000,516.839634,517.085142,516.839634
56.120000,516.797429,517.042895,516.797429
56.140000,516.755234,517.000658,516.755234
56.160000,516.713048,516.958430,516.713048
56.180000,516.670872,516.916212,516.670872
56.200000,516.628705,516.874002,516.628705
56.220000,516.586547,516.831803,516.586547
56.240000,516.544398,516.789612,516.544398
56.260000,516.502259,516.747431,516.502259
56.280000,516.460129,516.705259,516.460129
56.300000,516.418008,516.663096,516.418008
56.320000,516.375896,516.620942,516.375896
56.340000,516.333794,516.578798,516.333794
56.360000,516.291700,516.536663,516.291700
56.380000,516.249616,516.494537,516.249616
56.400000,516.207541,516.452420,516.207541
56.420000,516.165475,516.410312,516.165475
56.440000,516.123419,516.368214,516.123419
56.460000,516.081371,516.326124,516.081371
56.480000,516.039332,516.284044,516.039332
56.500000,515.997303,516.241973,515.997303
56.520000,515.955283,516.199911,515.955283
56.540000,515.913271,516.157858,515.913271
56.560000,515.871269,516.115814,515.871269
56.580000,515.829276,516.073779,515.829276
56.600000,515.787291,516.031753,515.787291
56.620000,515.745316,515.989736,515.745316
56.640000,515.703349,515.947728,515.703349
56.660000,515.661392,515.905729,515.661392
56.680000,515.619443,515.863738,515.619443
56.700000,515.577504,515.821757,515.577504
56.720000,515.535573,515.779785,515.535573
56.740000,515.493651,515.737822,515.493651
56.760000,515.451739,515.695867,515.451739
56.780000,515.409835,515.653922,515.409835
56.800000,515.367939,515.611985,515.367939
56.820000,515.326053,515.570057,515.326053
56.840000,515.284176,515.528138,515.284176
56.860000,515.242307,515.486228,515.242307
56.880000,515.200447,515.444327,515.200447
56.900000,515.158596,515.402434,515.158596
56.920000,515.116754,515.360551,515.116754
56.940000,515.074920,515.318676,515.074920
56.960000,515.033095,515.276809,515.033095
56.980000,514.991279,515.234952,514.991279
57.000000,514.949472,515.193103,514.949472
57.020000,514.907673,515.151263,514.907673
57.040000,514.865883,515.109432,514.865883
57.060000,514.824101,515.067609,514.824101
57.080000,514.782329,515.025795,514.782329
57.100000,514.740565,514.983990,514.740565
57.120000,514.698809,514.942193,514.698809
57.140000,514.657062,514.900405,514.657062
57.160000,514.615324,514.858626,514.615324
57.180000,514.573595,514.816855,514.573595
57.200000,514.531873,514.775093,514.531873
57.220000,514.490161,514.733339,514.490161
57.240000,514.448457,514.691594,514.448457
57.260000,514.406762,514.649857,514.406762
57.280000,514.365075,514.608129,514.365075
57.300000,514.323396,514.566410,514.323396
57.320000,514.281726,514.524699,514.281726
57.340000,514.240065,514.482996,514.240065
57.360000,514.198412,514.441302,514.198412
57.380000,514.156767,514.399616,514.156767
57.400000,514.115131,514.357939,514.115131
57.420000,514.073503,514.316271,514.073503
57.440000,514.031884,514.274610,514.031884
57.460000,513.990273,514.232958,513.990273
57.480000,513.948671,514.191315,513.948671
57.500000,513.907077,514.149680,513.907077
57.520000,513.865491,514.108053,513.865491
57.540000,513.823914,514.066435,513.823914
57.560000,513.782344,514.024825,513.782344
57.580000,513.740784,513.983223,513.740784
57.600000,513.699231,513.941630,513.699231
57.620000,513.657687,513.900045,513.657687
57.640000,513.616151,513.858468,513.616151
57.660000,513.574623,513.816899,513.574623
57.680000,513.533104,513.775339,513.533104
57.700000,513.491593,513.733787,513.491593
57.720000,513.450090,513.692244,513.450090
57.740000,513.408595,513.650708,513.408595
57.760000,513.367109,513.609181,513.367109
57.780000,513.325630,513.567662,513.325630
57.800000,513.284160,513.526151,513.284160
57.820000,513.242698,513.484648,513.242698
57.840000,513.201245,513.443154,513.201245
57.860000,513.159799,513.401667,513.159799
57.880000,513.118361,513.360189,513.118361
57.900000,513.076932,513.318719,513.076932
57.920000,513.035510,513.277257,513.035510
57.940000,512.994097,513.235803,512.994097
57.960000,512.952692,513.194357,512.952692
57.980000,512.911295,513.152920,512.911295
58.000000,512.869906,513.111490,512.869906
58.020000,512.828525,513.070068,512.828525
58.040000,512.787152,513.028655,512.787152
58.060000,512.745787,512.987249,512.745787
58.080000,512.704430,512.945852,512.704430
58.100000,512.663081,512.904462,512.663081
58.120000,512.621740,512.863081,512.621740
58.140000,512.580407,512.821707,512.580407
58.160000,512.539081,512.780341,512.539081
58.180000,512.497764,512.738984,512.497764
58.200000,512.456455,512.697634,512.456455
58.220000,512.415154,512.656292,512.415154
58.240000,512.373860,512.614958,512.373860
58.260000,512.332575,512.573633,512.332575
58.280000,512.291297,512.532314,512.291297
58.300000,512.250027,512.491004,512.250027
58.320000,512.208765,512.449702,512.208765
58.340000,512.167511,512.408408,512.167511
58.360000,512.126265,512.367121,512.126265
58.380000,512.085026,512.325842,512.085026
58.400000,512.043796,512.284571,512.043796
58.420000,512.002573,512.243308,512.002573
58.440000,511.961358,512.202053,511.961358
58.460000,511.920150,512.160805,511.920150
58.480000,511.878951,512.119565,511.878951
58.500000,511.837759,512.078333,511.837759
58.520000,511.796575,512.037109,511.796575
58.540000,511.755399,511.995893,511.755399
58.560000,511.714230,511.954684,511.714230
58.580000,511.673069,511.913483,511.673069
58.600000,511.631916,511.872289,511.631916
58.620000,511.590770,511.831104,511.590770
58.640000,511.549632,511.789926,511.549632
58.660000,511.508502,511.748755,511.508502
58.680000,511.467380,511.707593,511.467380
58.700000,511.426265,511.666438,511.426265
58.720000,511.385157,511.625290,511.385157
58.740000,511.344058,511.584150,511.344058
58.760000,511.302966,511.543018,511.302966
58.780000,511.261881,511.501894,511.261881
58.800000,511.220804,511.460777,511.220804
58.820000,511.179735,511.419667,511.179735
58.840000,511.138673,511.378565,511.138673
58.860000,511.097618,511.337471,511.097618
58.880000,511.056572,511.296384,511.056572
58.900000,511.015532,511.255305,511.015532
58.920000,510.974501,511.214234,510.974501
58.940000,510.933476,511.173169,510.933476
58.960000,510.892460,511.132113,510.892460
58.980000,510.851450,511.091064,510.851450
59.000000,510.810449,511.050022,510.810449
59.020000,510.769454,511.008988,510.769454
59.040000,510.728467,510.967961,510.728467
59.060000,510.687488,510.926942,510.687488
59.080000,510.646516,510.885930,510.646516
59.100000,510.605551,510.844925,510.605551
59.120000,510.564594,510.803928,510.564594
59.140000,510.523644,510.762939,510.523644
59.160000,510.482701,510.721956,510.482701
59.180000,510.441766,510.680981,510.441766
59.200000,510.400839,510.640014,510.400839
59.220000,510.359918,510.599054,510.359918
59.240000,510.319005,510.558101,510.319005
59.260000,510.278099,510.517156,510.278099
59.280000,510.237201,510.476217,510.237201
59.300000,510.196310,510.435287,510.196310
59.320000,510.155426,510.394363,510.155426
59.340000,510.114549,510.353447,510.114549
59.360000,510.073680,510.312538,510.073680
59.380000,510.032818,510.271636,510.032818
59.400000,509.991963,510.230742,509.991963
59.420000,509.951116,510.189855,509.951116
59.440000,509.910275,510.148975,509.910275
59.460000,509.869442,510.108102,509.869442
59.480000,509.828616,510.067237,509.828616
59.500000,509.787798,510.026379,509.787798
59.520000,509.746986,509.985528,509.746986
59.540000,509.706182,509.944684,509.706182
59.560000,509.665384,509.903847,509.665384
59.580000,509.624594,509.863018,509.624594
59.600000,509.583812,509.822195,509.583812
59.620000,509.543036,509.781380,509.543036
59.640000,509.502267,509.740572,509.502267
59.660000,509.461506,509.699771,509.461506
59.680000,509.420751,509.658977,509.420751
59.700000,509.380004,509.618191,509.380004
59.720000,509.339264,509.577411,509.339264
59.740000,509.298531,509.536639,509.298531
59.760000,509.257805,509.495873,509.257805
59.780000,509.217086,509.455115,509.217086
59.800000,509.176374,509.414363,509.176374
59.820000,509.135669,509.373619,509.135669
59.840000,509.094971,509.332882,509.094971
59.860000,509.054280,509.292152,509.054280
59.880000,509.013596,509.251429,509.013596
59.900000,508.972919,509.210713,508.972919
59.920000,508.932249,509.170003,508.932249
59.940000,508.891586,509.129301,508.891586
59.960000,508.850930,509.088606,508.850930
59.980000,508.810281,509.047918,508.810281
60.000000,508.769639,509.007237,508.769639
60.020000,508.729004,508.966562,508.729004
60.040000,508.688376,508.925895,508.688376
60.060000,508.647755,508.885235,508.647755
60.080000,508.607141,508.844581,508.607141
60.100000,508.566533,508.803934,508.566533
60.120000,508.525932,508.763295,508.525932
60.140000,508.485339,508.722662,508.485339
60.160000,508.444752,508.682036,508.444752
60.180000,508.404172,508.641417,508.404172
60.200000,508.363599,508.600805,508.363599
60.220000,508.323033,508.560200,508.323033
60.240000,508.282473,508.519601,508.282473
60.260000,508.241921,508.479009,508.241921
60.280000,508.201375,508.438425,508.201375
60.300000,508.160836,508.397847,508.160836
60.320000,508.120304,508.357275,508.120304
60.340000,508.079778,508.316711,508.079778
60.360000,508.039259,508.276153,508.039259
60.380000,507.998748,508.235603,507.998748
60.400000,507.958242,508.195058,507.958242
60.420000,507.917744,508.154521,507.917744
60.440000,507.877252,508.113991,507.877252
60.460000,507.836767,508.073467,507.836767
60.480000,507.796289,508.032950,507.796289
60.500000,507.755818,507.992439,507.755818
60.520000,507.715353,507.951936,507.715353
60.540000,507.674895,507.911439,507.674895
60.560000,507.634444,507.870949,507.634444
60.580000,507.593999,507.830465,507.593999
60.600000,507.553561,507.789988,507.553561
60.620000,507.513129,507.749518,507.513129
60.640000,507.472705,507.709054,507.472705
60.660000,507.432286,507.668597,507.432286
60.680000,507.391875,507.628147,507.391875
60.700000,507.351470,507.587704,507.351470
60.720000,507.311072,507.547267,507.311072
60.740000,507.270680,507.506836,507.270680
60.760000,507.230295,507.466412,507.230295
60.780000,507.189917,507.425995,507.189917
60.800000,507.149545,507.385585,507.149545
60.820000,507.109179,507.345181,507.109179
60.840000,507.068821,507.304783,507.068821
60.860000,507.028468,507.264392,507.028468
60.880000,506.988123,507.224008,506.988123
60.900000,506.947783,507.183630,506.947783
60.920000,506.907451,507.143259,506.907451
60.940000,506.867125,507.102894,506.867125
60.960000,506.826805,507.062536,506.826805
60.980000,506.786492,507.022184,506.786492
61.000000,506.746185,506.981839,506.746185
61.020000,506.705885,506.941500,506.705885
61.040000,506.665591,506.901168,506.665591
61.060000,506.625304,506.860843,506.625304
61.080000,506.585023,506.820523,506.585023
61.100000,506.544749,506.780210,506.544749
61.120000,506.504481,506.739904,506.504481
61.140000,506.464220,506.699604,506.464220
61.160000,506.423965,506.659311,506.423965
61.180000,506.383716,506.619024,506.383716
61.200000,506.343474,506.578743,506.343474
61.220000,506.303238,506.538469,506.303238
61.240000,506.263009,506.498201,506.263009
61.260000,506.222786,506.457939,506.222786
61.280000,506.182569,506.417684,506.182569
61.300000,506.142358,506.377435,506.142358
61.320000,506.102154,506.337193,506.102154
61.340000,506.061957,506.296957,506.061957
61.360000,506.021766,506.256728,506.021766
61.380000,505.981581,506.216504,505.981581
61.400000,505.941402,506.176287,505.941402
61.420000,505.901230,506.136077,505.901230
61.440000,505.861063,506.095872,505.861063
61.460000,505.820904,506.055674,505.820904
61.480000,505.780750,506.015483,505.780750
61.500000,505.740603,505.975297,505.740603
61.520000,505.700462,505.935118,505.700462
61.540000,505.660328,505.894945,505.660328
61.560000,505.620199,505.854778,505.620199
61.580000,505.580077,505.814618,505.580077
61.600000,505.539961,505.774464,505.539961
61.620000,505.499851,505.734316,505.499851
61.640000,505.459748,505.694175,505.459748
61.660000,505.419651,505.654039,505.419651
61.680000,505.379560,505.613910,505.379560
61.700000,505.339475,505.573787,505.339475
61.720000,505.299396,505.533670,505.299396
61.740000,505.259324,505.493560,505.259324
61.760000,505.219257,505.453455,505.219257
61.780000,505.179197,505.413357,505.179197
61.800000,505.139143,505.373265,505.139143
61.820000,505.099095,505.333179,505.099095
61.840000,505.059054,505.293099,505.059054
61.860000,505.019018,505.253026,505.019018
61.880000,504.978989,505.212958,504.978989
61.900000,504.938966,505.172897,504.938966
61.920000,504.898948,505.132842,504.898948
61.940000,504.858937,505.092793,504.858937
61.960000,504.818932,505.052750,504.818932
61.980000,504.778933,505.012713,504.778933
62.000000,504.738941,504.972682,504.738941
62.020000,504.698954,504.932658,504.698954
62.040000,504.658973,504.892639,504.658973
62.060000,504.618999,504.852627,504.618999
62.080000,504.579030,504.812620,504.579030
62.100000,504.539068,504.772620,504.539068
62.120000,504.499111,504.732625,504.499111
62.140000,504.459161,504.692637,504.459161
62.160000,504.419216,504.652655,504.419216
62.180000,504.379278,504.612679,504.379278
62.200000,504.339345,504.572708,504.339345
62.220000,504.299419,504.532744,504.299419
62.240000,504.259499,504.492786,504.259499
62.260000,504.219584,504.452834,504.219584
62.280000,504.179676,504.412887,504.179676
62.300000,504.139773,504.372947,504.139773
62.320000,504.099877,504.333013,504.099877
62.340000,504.059986,504.293084,504.059986
62.360000,504.020101,504.253162,504.020101
62.380000,503.980223,504.213246,503.980223
62.400000,503.940350,504.173335,503.940350
62.420000,503.900483,504.133431,503.900483
62.440000,503.860622,504.093532,503.860622
62.460000,503.820767,504.053639,503.820767
62.480000,503.780918,504.013753,503.780918
62.500000,503.741075,503.973872,503.741075
62.520000,503.701238,503.933997,503.701238
62.540000,503.661406,503.894128,503.661406
62.560000,503.621581,503.854265,503.621581
62.580000,503.581761,503.814407,503.581761
62.600000,503.541947,503.774556,503.541947
62.620000,503.502139,503.734710,503.502139
62.640000,503.462337,503.694871,503.462337
62.660000,503.422541,503.655037,503.422541
62.680000,503.382750,503.615209,503.382750
62.700000,503.342966,503.575386,503.342966
62.720000,503.303187,503.535570,503.303187
62.740000,503.263414,503.495760,503.263414
62.760000,503.223646,503.455955,503.223646
62.780000,503.183885,503.416156,503.183885
62.800000,503.144129,503.376363,503.144129
62.820000,503.104380,503.336575,503.104380
62.840000,503.064636,503.296794,503.064636
62.860000,503.024897,503.257018,503.024897
62.880000,502.985165,503.217248,502.985165
62.900000,502.945438,503.177484,502.945438
62.920000,502.905717,503.137726,502.905717
62.940000,502.866002,503.097973,502.866002
62.960000,502.826292,503.058226,502.826292
62.980000,502.786588,503.018485,502.786588
63.000000,502.746890,502.978749,502.746890
63.020000,502.707198,502.939019,502.707198
63.040000,502.667511,502.899295,502.667511
63.060000,502.627830,502.859577,502.627830
63.080000,502.588155,502.819864,502.588155
63.100000,502.548485,502.780158,502.548485
63.120000,502.508821,502.740456,502.508821
63.140000,502.469163,502.700761,502.469163
63.160000,502.429510,502.661071,502.429510
63.180000,502.389863,502.621387,502.389863
63.200000,502.350222,502.581708,502.350222
63.220000,502.310586,502.542035,502.310586
63.240000,502.270956,502.502368,502.270956
63.260000,502.231332,502.462707,502.231332
63.280000,502.191713,502.423051,502.191713
63.300000,502.152100,502.383400,502.152100
63.320000,502.112493,502.343756,502.112493
63.340000,502.072891,502.304117,502.072891
63.360000,502.033295,502.264483,502.033295
63.380000,501.993704,502.224855,501.993704
63.400000,501.954119,502.185233,501.954119
63.420000,501.914539,502.145616,501.914539
63.440000,501.874965,502.106005,501.874965
63.460000,501.835397,502.066400,501.835397
63.480000,501.795834,502.026800,501.795834
63.500000,501.756277,501.987206,501.756277
63.520000,501.716725,501.947617,501.716725
63.540000,501.677179,501.908034,501.677179
63.560000,501.637638,501.868456,501.637638
63.580000,501.598103,501.828884,501.598103
63.600000,501.558574,501.789317,501.558574
63.620000,501.519050,501.749756,501.519050
63.640000,501.479531,501.710200,501.479531
63.660000,501.440018,501.670650,501.440018
63.680000,501.400511,501.631106,501.400511
63.700000,501.361008,501.591567,501.361008
63.720000,501.321512,501.552033,501.321512
63.740000,501.282021,501.512505,501.282021
63.760000,501.242535,501.472983,501.242535
63.780000,501.203055,501.433466,501.203055
63.800000,501.163580,501.393954,501.163580
63.820000,501.124111,501.354448,501.124111
63.840000,501.084647,501.314947,501.084647
63.860000,501.045189,501.275452,501.045189
63.880000,501.005736,501.235962,501.005736
63.900000,500.966289,501.196478,500.966289
63.920000,500.926847,501.156999,500.926847
63.940000,500.887410,501.117526,500.887410
63.960000,500.847979,501.078057,500.847979
63.980000,500.808553,501.038595,500.808553
64.000000,500.769133,500.999138,500.769133
64.020000,500.729718,500.959686,500.729718
64.040000,500.690308,500.920239,500.690308
64.060000,500.650904,500.880798,500.650904
64.080000,500.611505,500.841363,500.611505
64.100000,500.572111,500.801932,500.572111
64.120000,500.532723,500.762508,500.532723
64.140000,500.493341,500.723088,500.493341
64.160000,500.453963,500.683674,500.453963
64.180000,500.414591,500.644265,500.414591
64.200000,500.375224,500.604862,500.375224
64.220000,500.335863,500.565464,500.335863
64.240000,500.296507,500.526071,500.296507
64.260000,500.257156,500.486683,500.257156
64.280000,500.217811,500.447301,500.217811
64.300000,500.178471,500.407925,500.178471
64.320000,500.139136,500.368553,500.139136
64.340000,500.099806,500.329187,500.099806
64.360000,500.060482,500.289826,500.060482
64.380000,500.021163,500.250471,500.021163
64.400000,499.981850,500.211120,499.981850
64.420000,499.942541,500.171776,499.942541
64.440000,499.903238,500.132436,499.903238
64.460000,499.863940,500.093101,499.863940
64.480000,499.824648,500.053772,499.824648
64.500000,499.785360,500.014448,499.785360
64.520000,499.746078,499.975130,499.746078
64.540000,499.706801,499.935817,499.706801
64.560000,499.667530,499.896508,499.667530
64.580000,499.628264,499.857206,499.628264
64.600000,499.589002,499.817908,499.589002
64.620000,499.549746,499.778616,499.549746
64.640000,499.510496,499.739328,499.510496
64.660000,499.471250,499.700046,499.471250
64.680000,499.432010,499.660770,499.432010
64.700000,499.392775,499.621498,499.392775
64.720000,499.353545,499.582232,499.353545
64.740000,499.314320,499.542971,499.314320
64.760000,499.275101,499.503715,499.275101
64.780000,499.235886,499.464464,499.235886
64.800000,499.196677,499.425218,499.196677
64.820000,499.157473,499.385978,499.157473
64.840000,499.118274,499.346743,499.118274
64.860000,499.079081,499.307513,499.079081
64.880000,499.039892,499.268288,499.039892
64.900000,499.000709,499.229068,499.000709
64.920000,498.961530,499.189854,498.961530
64.940000,498.922357,499.150644,498.922357
64.960000,498.883189,499.111440,498.883189
64.980000,498.844026,499.072241,498.844026
65.000000,498.804869,499.033047,498.804869
65.020000,498.765716,498.993858,498.765716
65.040000,498.726568,498.954674,498.726568
65.060000,498.687426,498.915495,498.687426
65.080000,498.648289,498.876321,498.648289
65.100000,498.609156,498.837153,498.609156
65.120000,498.570029,498.797990,498.570029
65.140000,498.530907,498.758831,498.530907
65.160000,498.491790,498.719678,498.491790
65.180000,498.452678,498.680530,498.452678
65.200000,498.413571,498.641387,498.413571
65.220000,498.374469,498.602249,498.374469
65.240000,498.335372,498.563116,498.335372
65.260000,498.296281,498.523988,498.296281
65.280000,498.257194,498.484865,498.257194
65.300000,498.218112,498.445747,498.218112
65.320000,498.179036,498.406634,498.179036
65.340000,498.139964,498.367527,498.139964
65.360000,498.100898,498.328424,498.100898
65.380000,498.061836,498.289326,498.061836
65.400000,498.022779,498.250234,498.022779
65.420000,497.983728,498.211146,497.983728
65.440000,497.944681,498.172064,497.944681
65.460000,497.905640,498.132986,497.905640
65.480000,497.866603,498.093913,497.866603
65.500000,497.827572,498.054846,497.827572
65.520000,497.788545,498.015783,497.788545
65.540000,497.749523,497.976725,497.749523
65.560000,497.710507,497.937673,497.710507
65.580000,497.671495,497.898625,497.671495
65.600000,497.632488,497.859582,497.632488
65.620000,497.593486,497.820545,497.593486
65.640000,497.554490,497.781512,497.554490
65.660000,497.515498,497.742484,497.515498
65.680000,497.476511,497.703461,497.476511
65.700000,497.437529,497.664443,497.437529
65.720000,497.398552,497.625430,497.398552
65.740000,497.359580,497.586422,497.359580
65.760000,497.320612,497.547419,497.320612
65.780000,497.281650,497.508421,497.281650
65.800000,497.242693,497.469428,497.242693
65.820000,497.203740,497.430439,497.203740
65.840000,497.164793,497.391456,497.164793
65.860000,497.125850,497.352477,497.125850
65.880000,497.086912,497.313504,497.086912
65.900000,497.047979,497.274535,497.047979
65.920000,497.009051,497.235571,497.009051
65.940000,496.970128,497.196612,496.970128
65.960000,496.931210,497.157658,496.931210
65.980000,496.892296,497.118709,496.892296
66.000000,496.853388,497.079765,496.853388
66.020000,496.814484,497.040825,496.814484
66.040000,496.775585,497.001890,496.775585
66.060000,496.736691,496.962961,496.736691
66.080000,496.697802,496.924036,496.697802
66.100000,496.658918,496.885116,496.658918
66.120000,496.620038,496.846201,496.620038
66.140000,496.581164,496.807290,496.581164
66.160000,496.542294,496.768385,496.542294
66.180000,496.503429,496.729484,496.503429
66.200000,496.464569,496.690588,496.464569
66.220000,496.425713,496.651697,496.425713
66.240000,496.386863,496.612811,496.386863
66.260000,496.348017,496.573930,496.348017
66.280000,496.309176,496.535053,496.309176
66.300000,496.270340,496.496181,496.270340
66.320000,496.231508,496.457314,496.231508
66.340000,496.192682,496.418452,496.192682
66.360000,496.153860,496.379595,496.153860
66.380000,496.115043,496.340742,496.115043
66.400000,496.076231,496.301894,496.076231
66.420000,496.037423,496.263051,496.037423
66.440000,495.998620,496.224213,495.998620
66.460000,495.959822,496.185379,495.959822
66.480000,495.921029,496.146550,495.921029
66.500000,495.882241,496.107726,495.882241
66.520000,495.843457,496.068907,495.843457
66.540000,495.804678,496.030093,495.804678
66.560000,495.765904,495.991283,495.765904
66.580000,495.727134,495.952478,495.727134
66.600000,495.688369,495.913677,495.688369
66.620000,495.649609,495.874882,495.649609
66.640000,495.610854,495.836091,495.610854
66.660000,495.572103,495.797305,495.572103
66.680000,495.533357,495.758524,495.533357
66.700000,495.494616,495.719747,495.494616
66.720000,495.455879,495.680975,495.455879
66.740000,495.417147,495.642208,495.417147
66.760000,495.378420,495.603445,495.378420
66.780000,495.339698,495.564687,495.339698
66.800000,495.300980,495.525934,495.300980
66.820000,495.262267,495.487185,495.262267
66.840000,495.223558,495.448442,495.223558
66.860000,495.184854,495.409702,495.184854
66.880000,495.146155,495.370968,495.146155
66.900000,495.107461,495.332238,495.107461
66.920000,495.068771,495.293513,495.068771
66.940000,495.030086,495.254792,495.030086
66.960000,494.991405,495.216077,494.991405
66.980000,494.952729,495.177365,494.952729
67.000000,494.914058,495.138659,494.914058
67.020000,494.875392,495.099957,494.875392
67.040000,494.836730,495.061260,494.836730
67.060000,494.798072,495.022567,494.798072
67.080000,494.759419,494.983879,494.759419
67.100000,494.720771,494.945196,494.720771
67.120000,494.682128,494.906517,494.682128
67.140000,494.643489,494.867843,494.643489
67.160000,494.604855,494.829173,494.604855
67.180000,494.566225,494.790509,494.566225
67.200000,494.527600,494.751848,494.527600
67.220000,494.488979,494.713193,494.488979
67.240000,494.450363,494.674541,494.450363
67.260000,494.411752,494.635895,494.411752
67.280000,494.373145,494.597253,494.373145
67.300000,494.334543,494.558616,494.334543
67.320000,494.295945,494.519983,494.295945
67.340000,494.257352,494.481355,494.257352
67.360000,494.218764,494.442731,494.218764
67.380000,494.180180,494.404112,494.180180
67.400000,494.141601,494.365498,494.141601
67.420000,494.103026,494.326888,494.103026
67.440000,494.064456,494.288283,494.064456
67.460000,494.025890,494.249682,494.025890
67.480000,493.987329,494.211085,493.987329
67.500000,493.948772,494.172494,493.948772
67.520000,493.910220,494.133907,493.910220
67.540000,493.871672,494.095324,493.871672
67.560000,493.833129,494.056746,493.833129
67.580000,493.794591,494.018172,493.794591
67.600000,493.756057,493.979603,493.756057
67.620000,493.717527,493.941039,493.717527
67.640000,493.679002,493.902479,493.679002
67.660000,493.640482,493.863923,493.640482
67.680000,493.601966,493.825372,493.601966
67.700000,493.563454,493.786826,493.563454
67.720000,493.524947,493.748284,493.524947
67.740000,493.486444,493.709746,493.486444
67.760000,493.447946,493.671213,493.447946
67.780000,493.409453,493.632685,493.409453
67.800000,493.370964,493.594161,493.370964
67.820000,493.332479,493.555641,493.332479
67.840000,493.293999,493.517126,493.293999
67.860000,493.255523,493.478616,493.255523
67.880000,493.217052,493.440110,493.217052
67.900000,493.178585,493.401608,493.178585
67.920000,493.140123,493.363111,493.140123
67.940000,493.101665,493.324618,493.101665
67.960000,493.063211,493.286130,493.063211
67.980000,493.024762,493.247646,493.024762
68.000000,492.986318,493.209167,492.986318
68.020000,492.947878,493.170692,492.947878
68.040000,492.909442,493.132221,492.909442
68.060000,492.871011,493.093755,492.871011
68.080000,492.832584,493.055294,492.832584
68.100000,492.794162,493.016836,492.794162
68.120000,492.755744,492.978384,492.755744
68.140000,492.717330,492.939935,492.717330
68.160000,492.678921,492.901491,492.678921
68.180000,492.640516,492.863052,492.640516
68.200000,492.602116,492.824617,492.602116
68.220000,492.563720,492.786186,492.563720
68.240000,492.525328,492.747760,492.525328
68.260000,492.486941,492.709338,492.486941
68.280000,492.448558,492.670920,492.448558
68.300000,492.410179,492.632507,492.410179
68.320000,492.371805,492.594099,492.371805
68.340000,492.333436,492.555694,492.333436
68.360000,492.295070,492.517294,492.295070
68.380000,492.256709,492.478899,492.256709
68.400000,492.218353,492.440507,492.218353
68.420000,492.180001,492.402121,492.180001
68.440000,492.141653,492.363738,492.141653
68.460000,492.103309,492.325360,492.103309
68.480000,492.064970,492.286986,492.064970
68.500000,492.026635,492.248617,492.026635
68.520000,491.988305,492.210252,491.988305
68.540000,491.949979,492.171891,491.949979
68.560000,491.911657,492.133535,491.911657
68.580000,491.873339,492.095183,491.873339
68.600000,491.835026,492.056835,491.835026
68.620000,491.796717,492.018492,491.796717
68.640000,491.758413,491.980153,491.758413
68.660000,491.720113,491.941818,491.720113
68.680000,491.681817,491.903488,491.681817
68.700000,491.643525,491.865162,491.643525
68.720000,491.605238,491.826840,491.605238
68.740000,491.566955,491.788522,491.566955
68.760000,491.528676,491.750209,491.528676
68.780000,491.490402,491.711900,491.490402
68.800000,491.452132,491.673596,491.452132
68.820000,491.413866,491.635296,491.413866
68.840000,491.375605,491.597000,491.375605
68.860000,491.337347,491.558708,491.337347
68.880000,491.299094,491.520421,491.299094
68.900000,491.260846,491.482138,491.260846
68.920000,491.222601,491.443859,491.222601
68.940000,491.184361,491.405585,491.184361
68.960000,491.146126,491.367314,491.146126
68.980000,491.107894,491.329048,491.107894
69.000000,491.069667,491.290787,491.069667
69.020000,491.031444,491.252529,491.031444
69.040000,490.993225,491.214276,490.993225
69.060000,490.955010,491.176027,490.955010
69.080000,490.916800,491.137783,490.916800
69.100000,490.878594,491.099542,490.878594
69.120000,490.840392,491.061306,490.840392
69.140000,490.802194,491.023074,490.802194
69.160000,490.764001,490.984847,490.764001
69.180000,490.725812,490.946623,490.725812
69.200000,490.687627,490.908404,490.687627
69.220000,490.649446,490.870189,490.649446
69.240000,490.611270,490.831978,490.611270
69.260000,490.573097,490.793772,490.573097
69.280000,490.534929,490.755570,490.534929
69.300000,490.496766,490.717372,490.496766
69.320000,490.458606,490.679178,490.458606
69.340000,490.420451,490.640988,490.420451
69.360000,490.382299,490.602803,490.382299
69.380000,490.344152,490.564621,490.344152
69.400000,490.306009,490.526444,490.306009
69.420000,490.267871,490.488272,490.267871
69.440000,490.229736,490.450103,490.229736
69.460000,490.191606,490.411939,490.191606
69.480000,490.153480,490.373778,490.153480
69.500000,490.115358,490.335622,490.115358
69.520000,490.077240,490.297470,490.077240
69.540000,490.039127,490.259323,490.039127
69.560000,490.001017,490.221179,490.001017
69.580000,489.962912,490.183040,489.962912
69.600000,489.924811,490.144905,489.924811
69.620000,489.886714,490.106774,489.886714
69.640000,489.848621,490.068647,489.848621
69.660000,489.810533,490.030524,489.810533
69.680000,489.772448,489.992406,489.772448
69.700000,489.734368,489.954291,489.734368
69.720000,489.696292,489.916181,489.696292
69.740000,489.658220,489.878075,489.658220
69.760000,489.620152,489.839973,489.620152
69.780000,489.582088,489.801875,489.582088
69.800000,489.544028,489.763782,489.544028
69.820000,489.505973,489.725692,489.505973
69.840000,489.467921,489.687607,489.467921
69.860000,489.429874,489.649526,489.429874
69.880000,489.391831,489.611449,489.391831
69.900000,489.353792,489.573376,489.353792
69.920000,489.315757,489.535307,489.315757
69.940000,489.277726,489.497242,489.277726
69.960000,489.239699,489.459181,489.239699
69.980000,489.201677,489.421125,489.201677
70.000000,489.163658,489.383072,489.163658
70.020000,489.125644,489.345024,489.125644
70.040000,489.087633,489.306980,489.087633
70.060000,489.049627,489.268940,489.049627
70.080000,489.011625,489.230904,489.011625
70.100000,488.973627,489.192872,488.973627
70.120000,488.935633,489.154844,488.935633
70.140000,488.897643,489.116820,488.897643
70.160000,488.859657,489.078800,488.859657
70.180000,488.821676,489.040785,488.821676
70.200000,488.783698,489.002773,488.783698
70.220000,488.745724,488.964766,488.745724
70.240000,488.707755,488.926763,488.707755
70.260000,488.669789,488.888763,488.669789
70.280000,488.631828,488.850768,488.631828
70.300000,488.593870,488.812777,488.593870
70.320000,488.555917,488.774790,488.555917
70.340000,488.517968,488.736807,488.517968
70.360000,488.480023,488.698828,488.480023
70.380000,488.442081,488.660853,488.442081
70.400000,488.404144,488.622882,488.404144
70.420000,488.366211,488.584915,488.366211
70.440000,488.328282,488.546952,488.328282
70.460000,488.290357,488.508994,488.290357
70.480000,488.252436,488.471039,488.252436
70.500000,488.214519,488.433088,488.214519
70.520000,488.176606,488.395142,488.176606
70.540000,488.138697,488.357199,488.138697
70.560000,488.100792,488.319261,488.100792
70.580000,488.062891,488.281326,488.062891
70.600000,488.024994,488.243395,488.024994
70.620000,487.987102,488.205469,487.987102
70.640000,487.949213,488.167546,487.949213
70.660000,487.911328,488.129628,487.911328
70.680000,487.873447,488.091713,487.873447
70.700000,487.835570,488.053803,487.835570
70.720000,487.797697,488.015896,487.797697
70.740000,487.759828,487.977994,487.759828
70.760000,487.721963,487.940096,487.721963
70.780000,487.684103,487.902201,487.684103
70.800000,487.646246,487.864311,487.646246
70.820000,487.608393,487.826424,487.608393
70.840000,487.570544,487.788542,487.570544
70.860000,487.532699,487.750663,487.532699
70.880000,487.494858,487.712789,487.494858
70.900000,487.457021,487.674918,487.457021
70.920000,487.419188,487.637051,487.419188
70.940000,487.381358,487.599189,487.381358
70.960000,487.343533,487.561330,487.343533
70.980000,487.305712,487.523475,487.305712
71.000000,487.267895,487.485625,487.267895
71.020000,487.230082,487.447778,487.230082
71.040000,487.192272,487.409935,487.192272
71.060000,487.154467,487.372096,487.154467
71.080000,487.116666,487.334262,487.116666
71.100000,487.078868,487.296431,487.078868
71.120000,487.041075,487.258604,487.041075
71.140000,487.003285,487.220781,487.003285
71.160000,486.965499,487.182962,486.965499
71.180000,486.927718,487.145146,486.927718
71.200000,486.889940,487.107335,486.889940
71.220000,486.852166,487.069528,486.852166
71.240000,486.814396,487.031725,486.814396
71.260000,486.776630,486.993925,486.776630
71.280000,486.738868,486.956130,486.738868
71.300000,486.701110,486.918338,486.701110
71.320000,486.663355,486.880551,486.663355
71.340000,486.625605,486.842767,486.625605
71.360000,486.587859,486.804987,486.587859
71.380000,486.550116,486.767211,486.550116
71.400000,486.512377,486.729439,486.512377
71.420000,486.474643,486.691671,486.474643
71.440000,486.436912,486.653907,486.436912
71.460000,486.399185,486.616147,486.399185
71.480000,486.361462,486.578391,486.361462
71.500000,486.323743,486.540638,486.323743
71.520000,486.286027,486.502890,486.286027
71.540000,486.248316,486.465145,486.248316
71.560000,486.210609,486.427404,486.210609
71.580000,486.172905,486.389668,486.172905
71.600000,486.135205,486.351935,486.135205
71.620000,486.097509,486.314206,486.097509
71.640000,486.059817,486.276480,486.059817
71.660000,486.022129,486.238759,486.022129
71.680000,485.984445,486.201042,485.984445
71.700000,485.946765,486.163328,485.946765
71.720000,485.909088,486.125618,485.909088
71.740000,485.871415,486.087913,485.871415
71.760000,485.833747,486.050211,485.833747
71.780000,485.796082,486.012513,485.796082
71.800000,485.758421,485.974818,485.758421
71.820000,485.720763,485.937128,485.720763
71.840000,485.683110,485.899442,485.683110
71.860000,485.645461,485.861759,485.645461
71.880000,485.607815,485.824080,485.607815
71.900000,485.570173,485.786405,485.570173
71.920000,485.532535,485.748734,485.532535
71.940000,485.494901,485.711067,485.494901
71.960000,485.457271,485.673404,485.457271
71.980000,485.419644,485.635744,485.419644
72.000000,485.382021,485.598088,485.382021
72.020000,485.344403,485.560436,485.344403
72.040000,485.306788,485.522788,485.306788
72.060000,485.269176,485.485144,485.269176
72.080000,485.231569,485.447504,485.231569
72.100000,485.193966,485.409867,485.193966
72.120000,485.156366,485.372234,485.156366
72.140000,485.118770,485.334606,485.118770
72.160000,485.081178,485.296980,485.081178
72.180000,485.043589,485.259359,485.043589
72.200000,485.006005,485.221742,485.006005
72.220000,484.968424,485.184128,484.968424
72.240000,484.930847,485.146518,484.930847
72.260000,484.893274,485.108912,484.893274
72.280000,484.855705,485.071310,484.855705
72.300000,484.818140,485.033711,484.818140
72.320000,484.780578,484.996117,484.780578
72.340000,484.743020,484.958526,484.743020
72.360000,484.705466,484.920939,484.705466
72.380000,484.667915,484.883356,484.667915
72.400000,484.630369,484.845776,484.630369
72.420000,484.592826,484.808201,484.592826
72.440000,484.555287,484.770629,484.555287
72.460000,484.517752,484.733061,484.517752
72.480000,484.480220,484.695496,484.480220
72.500000,484.442693,484.657936,484.442693
72.520000,484.405169,484.620379,484.405169
72.540000,484.367649,484.582826,484.367649
72.560000,484.330132,484.545277,484.330132
72.580000,484.292620,484.507732,484.292620
72.600000,484.255111,484.470190,484.255111
72.620000,484.217606,484.432652,484.217606
72.640000,484.180105,484.395118,484.180105
72.660000,484.142607,484.357587,484.142607
72.680000,484.105113,484.320061,484.105113
72.700000,484.067623,484.282538,484.067623
72.720000,484.030137,484.245019,484.030137
72.740000,483.992654,484.207504,483.992654
72.760000,483.955175,484.169992,483.955175
72.780000,483.917700,484.132484,483.917700
72.800000,483.880229,484.094980,483.880229
72.820000,483.842761,484.057480,483.842761
72.840000,483.805297,484.019983,483.805297
72.860000,483.767837,483.982490,483.767837
72.880000,483.730381,483.945001,483.730381
72.900000,483.692928,483.907516,483.692928
72.920000,483.655479,483.870034,483.655479
72.940000,483.618034,483.832556,483.618034
72.960000,483.580592,483.795082,483.580592
72.980000,483.543154,483.757611,483.543154
73.000000,483.505720,483.720145,483.505720
73.020000,483.468290,483.682682,483.468290
73.040000,483.430863,483.645222,483.430863
73.060000,483.393440,483.607767,483.393440
73.080000,483.356021,483.570315,483.356021
73.100000,483.318605,483.532867,483.318605
73.120000,483.281194,483.495422,483.281194
73.140000,483.243785,483.457982,483.243785
73.160000,483.206381,483.420544,483.206381
73.180000,483.168980,483.383111,483.168980
73.200000,483.131583,483.345682,483.131583
73.220000,483.094190,483.308256,483.094190
73.240000,483.056800,483.270833,483.056800
73.260000,483.019414,483.233415,483.019414
73.280000,482.982032,483.196000,482.982032
73.300000,482.944653,483.158589,482.944653
73.320000,482.907278,483.121181,482.907278
73.340000,482.869907,483.083778,482.869907
73.360000,482.832539,483.046378,482.832539
73.380000,482.795176,483.008981,482.795176
73.400000,482.757815,482.971588,482.757815
73.420000,482.720459,482.934199,482.720459
73.440000,482.683106,482.896814,482.683106
73.460000,482.645757,482.859432,482.645757
73.480000,482.608411,482.822054,482.608411
73.500000,482.571069,482.784680,482.571069
73.520000,482.533731,482.747309,482.533731
73.540000,482.496397,482.709942,482.496397
73.560000,482.459066,482.672579,482.459066
73.580000,482.421738,482.635219,482.421738
73.600000,482.384415,482.597863,482.384415
73.620000,482.347095,482.560511,482.347095
73.640000,482.309779,482.523162,482.309779
73.660000,482.272466,482.485817,482.272466
73.680000,482.235157,482.448476,482.235157
73.700000,482.197852,482.411138,482.197852
73.720000,482.160550,482.373804,482.160550
73.740000,482.123252,482.336474,482.123252
73.760000,482.085957,482.299147,482.085957
73.780000,482.048667,482.261824,482.048667
73.800000,482.011379,482.224504,482.011379
73.820000,481.974096,482.187189,481.974096
73.840000,481.936816,482.149876,481.936816
73.860000,481.899540,482.112568,481.899540
73.880000,481.862267,482.075263,481.862267
73.900000,481.824998,482.037961,481.824998
73.920000,481.787733,482.000664,481.787733
73.940000,481.750471,481.963370,481.750471
73.960000,481.713213,481.926079,481.713213
73.980000,481.675958,481.888792,481.675958
74.000000,481.638707,481.851509,481.638707
74.020000,481.601460,481.814230,481.601460
74.040000,481.564216,481.776954,481.564216
74.060000,481.526976,481.739681,481.526976
74.080000,481.489740,481.702413,481.489740
74.100000,481.452507,481.665148,481.452507
74.120000,481.415277,481.627886,481.415277
74.140000,481.378052,481.590628,481.378052
74.160000,481.340830,481.553374,481.340830
74.180000,481.303611,481.516123,481.303611
74.200000,481.266396,481.478876,481.266396
74.220000,481.229185,481.441633,481.229185
74.240000,481.191977,481.404393,481.191977
74.260000,481.154773,481.367157,481.154773
74.280000,481.117573,481.329924,481.117573
74.300000,481.080376,481.292695,481.080376
74.320000,481.043182,481.255469,481.043182
74.340000,481.005993,481.218248,481.005993
74.360000,480.968806,481.181029,480.968806
74.380000,480.931624,481.143815,480.931624
74.400000,480.894445,481.106603,480.894445
74.420000,480.857269,481.069396,480.857269
74.440000,480.820097,481.032192,480.820097
74.460000,480.782929,480.994992,480.782929
74.480000,480.745764,480.957795,480.745764
74.500000,480.708603,480.920601,480.708603
74.520000,480.671446,480.883412,480.671446
74.540000,480.634291,480.846226,480.634291
74.560000,480.597141,480.809043,480.597141
74.580000,480.559994,480.771864,480.559994
74.600000,480.522851,480.734689,480.522851
74.620000,480.485711,480.697517,480.485711
74.640000,480.448575,480.660349,480.448575
74.660000,480.411442,480.623184,480.411442
74.680000,480.374313,480.586023,480.374313
74.700000,480.337187,480.548865,480.337187
74.720000,480.300065,480.511711,480.300065
74.740000,480.262947,480.474561,480.262947
74.760000,480.225832,480.437414,480.225832
74.780000,480.188720,480.400270,480.188720
74.800000,480.151612,480.363131,480.151612
74.820000,480.114508,480.325994,480.114508
74.840000,480.077407,480.288862,480.077407
74.860000,480.040310,480.251732,480.040310
74.880000,480.003216,480.214607,480.003216
74.900000,479.966126,480.177485,479.966126
74.920000,479.929039,480.140366,479.929039
74.940000,479.891956,480.103251,479.891956
74.960000,479.854876,480.066140,479.854876
74.980000,479.817800,480.029032,479.817800
75.000000,479.780728,479.991927,479.780728
75.020000,479.743659,479.954826,479.743659
75.040000,479.706593,479.917729,479.706593
75.060000,479.669531,479.880635,479.669531
75.080000,479.632473,479.843545,479.632473
75.100000,479.595418,479.806458,479.595418
75.120000,479.558366,479.769374,479.558366
75.140000,479.521318,479.732295,479.521318
75.160000,479.484274,479.695218,479.484274
75.180000,479.447233,479.658146,479.447233
75.200000,479.410195,479.621076,479.410195
75.220000,479.373161,479.584011,479.373161
75.240000,479.336131,479.546949,479.336131
75.260000,479.299104,479.509890,479.299104
75.280000,479.262081,479.472835,479.262081
75.300000,479.225061,479.435783,479.225061
75.320000,479.188044,479.398735,479.188044
75.340000,479.151031,479.361690,479.151031
75.360000,479.114022,479.324649,479.114022
75.380000,479.077016,479.287611,479.077016
75.400000,479.040013,479.250577,479.040013
75.420000,479.003014,479.213546,479.003014
75.440000,478.966019,479.176519,478.966019
75.460000,478.929027,479.139495,478.929027
75.480000,478.892038,479.102475,478.892038
75.500000,478.855053,479.065458,478.855053
75.520000,478.818072,479.028445,478.818072
75.540000,478.781094,478.991435,478.781094
75.560000,478.744119,478.954429,478.744119
75.580000,478.707148,478.917426,478.707148
75.600000,478.670180,478.880427,478.670180
75.620000,478.633216,478.843431,478.633216
75.640000,478.596255,478.806439,478.596255
75.660000,478.559298,478.769450,478.559298
75.680000,478.522344,478.732465,478.522344
75.700000,478.485394,478.695483,478.485394
75.720000,478.448447,478.658504,478.448447
75.740000,478.411504,478.621529,478.411504
75.760000,478.374564,478.584558,478.374564
75.780000,478.337627,478.547590,478.337627
75.800000,478.300694,478.510625,478.300694
75.820000,478.263765,478.473664,478.263765
75.840000,478.226838,478.436706,478.226838
75.860000,478.189916,478.399752,478.189916
75.880000,478.152996,478.362801,478.152996
75.900000,478.116081,478.325854,478.116081
75.920000,478.079168,478.288910,478.079168
75.940000,478.042260,478.251970,478.042260
75.960000,478.005354,478.215033,478.005354
75.980000,477.968452,478.178099,477.968452
76.000000,477.931554,478.141169,477.931554
76.020000,477.894658,478.104243,477.894658
76.040000,477.857767,478.067319,477.857767
76.060000,477.820878,478.030400,477.820878
76.080000,477.783994,477.993483,477.783994
76.100000,477.747112,477.956571,477.747112
76.120000,477.710234,477.919661,477.710234
76.140000,477.673360,477.882755,477.673360
76.160000,477.636489,477.845853,477.636489
76.180000,477.599621,477.808954,477.599621
76.200000,477.562757,477.772058,477.562757
76.220000,477.525896,477.735166,477.525896
76.240000,477.489039,477.698277,477.489039
76.260000,477.452185,477.661392,477.452185
76.280000,477.415334,477.624510,477.415334
76.300000,477.378487,477.587631,477.378487
76.320000,477.341643,477.550756,477.341643
76.340000,477.304803,477.513884,477.304803
76.360000,477.267966,477.477016,477.267966
76.380000,477.231133,477.440151,477.231133
76.400000,477.194303,477.403290,477.194303
76.420000,477.157476,477.366432,477.157476
76.440000,477.120653,477.329577,477.120653
76.460000,477.083833,477.292726,477.083833
76.480000,477.047016,477.255879,477.047016
76.500000,477.010203,477.219034,477.010203
76.520000,476.973394,477.182193,476.973394
76.540000,476.936588,477.145356,476.936588
76.560000,476.899785,477.108522,476.899785
76.580000,476.862985,477.071691,476.862985
76.600000,476.826189,477.034864,476.826189
76.620000,476.789397,476.998040,476.789397
76.640000,476.752607,476.961219,476.752607
76.660000,476.715821,476.924402,476.715821
76.680000,476.679039,476.887588,476.679039
76.700000,476.642260,476.850778,476.642260
76.720000,476.605484,476.813971,476.605484
76.740000,476.568712,476.777168,476.568712
76.760000,476.531943,476.740368,476.531943
76.780000,476.495177,476.703571,476.495177
76.800000,476.458415,476.666777,476.458415
76.820000,476.421656,476.629987,476.421656
76.840000,476.384901,476.593201,476.384901
76.860000,476.348149,476.556418,476.348149
76.880000,476.311400,476.519638,476.311400
76.900000,476.274655,476.482861,476.274655
76.920000,476.237913,476.446088,476.237913
76.940000,476.201175,476.409319,476.201175
76.960000,476.164439,476.372552,476.164439
76.980000,476.127708,476.335789,476.127708
77.000000,476.090979,476.299030,476.090979
77.020000,476.054254,476.262274,476.054254
77.040000,476.017532,476.225521,476.017532
77.060000,475.980814,476.188772,475.980814
77.080000,475.944099,476.152025,475.944099
77.100000,475.907388,476.115283,475.907388
77.120000,475.870679,476.078543,475.870679
77.140000,475.833974,476.041807,475.833974
77.160000,475.797273,476.005075,475.797273
77.180000,475.760575,475.968346,475.760575
77.200000,475.723880,475.931620,475.723880
77.220000,475.687188,475.894897,475.687188
77.240000,475.650500,475.858178,475.650500
77.260000,475.613815,475.821462,475.613815
77.280000,475.577134,475.784750,475.577134
77.300000,475.540456,475.748041,475.540456
77.320000,475.503781,475.711335,475.503781
77.340000,475.467110,475.674632,475.467110
77.360000,475.430442,475.637933,475.430442
77.380000,475.393777,475.601238,475.393777
77.400000,475.357116,475.564545,475.357116
77.420000,475.320458,475.527856,475.320458
77.440000,475.283803,475.491171,475.283803
77.460000,475.247151,475.454488,475.247151
77.480000,475.210503,475.417809,475.210503
77.500000,475.173859,475.381134,475.173859
77.520000,475.137217,475.344461,475.137217
77.540000,475.100579,475.307792,475.100579
77.560000,475.063945,475.271127,475.063945
77.580000,475.027313,475.234465,475.027313
77.600000,474.990685,475.197806,474.990685
77.620000,474.954060,475.161150,474.954060
77.640000,474.917439,475.124498,474.917439
77.660000,474.880821,475.087849,474.880821
77.680000,474.844206,475.051203,474.844206
77.700000,474.807595,475.014561,474.807595
77.720000,474.770987,474.977922,474.770987
77.740000,474.734382,474.941286,474.734382
77.760000,474.697780,474.904654,474.697780
77.780000,474.661182,474.868025,474.661182
77.800000,474.624587,474.831399,474.624587
77.820000,474.587996,474.794777,474.587996
77.840000,474.551407,474.758158,474.551407
77.860000,474.514822,474.721542,474.514822
77.880000,474.478241,474.684929,474.478241
77.900000,474.441663,474.648320,474.441663
77.920000,474.405087,474.611714,474.405087
77.940000,474.368516,474.575112,474.368516
77.960000,474.331947,474.538513,474.331947
77.980000,474.295382,474.501917,474.295382
78.000000,474.258820,474.465324,474.258820
78.020000,474.222262,474.428735,474.222262
78.040000,474.185707,474.392149,474.185707
78.060000,474.149155,474.355566,474.149155
78.080000,474.112606,474.318987,474.112606
78.100000,474.076061,474.282411,474.076061
78.120000,474.039519,474.245838,474.039519
78.140000,474.002980,474.209269,474.002980
78.160000,473.966445,474.172703,473.966445
78.180000,473.929912,474.136140,473.929912
78.200000,473.893384,474.099580,473.893384
78.220000,473.856858,474.063024,473.856858
78.240000,473.820336,474.026471,473.820336
78.260000,473.783817,473.989921,473.783817
78.280000,473.747301,473.953375,473.747301
78.300000,473.710788,473.916832,473.710788
78.320000,473.674279,473.880292,473.674279
78.340000,473.637773,473.843756,473.637773
78.360000,473.601271,473.807222,473.601271
78.380000,473.564771,473.770692,473.564771
78.400000,473.528275,473.734166,473.528275
78.420000,473.491783,473.697642,473.491783
78.440000,473.455293,473.661122,473.455293
78.460000,473.418807,473.624605,473.418807
78.480000,473.382324,473.588092,473.382324
78.500000,473.345844,473.551581,473.345844
78.520000,473.309368,473.515074,473.309368
78.540000,473.272895,473.478571,473.272895
78.560000,473.236425,473.442070,473.236425
78.580000,473.199958,473.405573,473.199958
78.600000,473.163495,473.369079,473.163495
78.620000,473.127035,473.332588,473.127035
78.640000,473.090578,473.296101,473.090578
78.660000,473.054124,473.259617,473.054124
78.680000,473.017674,473.223136,473.017674
78.700000,472.981227,473.186658,472.981227
78.720000,472.944783,473.150184,472.944783
78.740000,472.908342,473.113713,472.908342
78.760000,472.871905,473.077245,472.871905
78.780000,472.835471,473.040781,472.835471
78.800000,472.799040,473.004319,472.799040
78.820000,472.762613,472.967861,472.762613
78.840000,472.726188,472.931407,472.726188
78.860000,472.689767,472.894955,472.689767
78.880000,472.653349,472.858507,472.653349
78.900000,472.616935,472.822062,472.616935
78.920000,472.580524,472.785620,472.580524
78.940000,472.544115,472.749182,472.544115
78.960000,472.507711,472.712746,472.507711
78.980000,472.471309,472.676314,472.471309
79.000000,472.434911,472.639886,472.434911
79.020000,472.398516,472.603460,472.398516
79.040000,472.362124,472.567038,472.362124
79.060000,472.325735,472.530619,472.325735
79.080000,472.289350,472.494203,472.289350
79.100000,472.252967,472.457791,472.252967
79.120000,472.216589,472.421381,472.216589
79.140000,472.180213,472.384975,472.180213
79.160000,472.143840,472.348572,472.143840
79.180000,472.107471,472.312173,472.107471
79.200000,472.071105,472.275776,472.071105
79.220000,472.034742,472.239383,472.034742
79.240000,471.998383,472.202993,471.998383
79.260000,471.962026,472.166607,471.962026
79.280000,471.925673,472.130223,471.925673
79.300000,471.889323,472.093843,471.889323
79.320000,471.852977,472.057466,471.852977
79.340000,471.816633,472.021092,471.816633
79.360000,471.780293,471.984722,471.780293
79.380000,471.743956,471.948355,471.743956
79.400000,471.707622,471.911991,471.707622
79.420000,471.671292,471.875630,471.671292
79.440000,471.634964,471.839272,471.634964
79.460000,471.598640,471.802918,471.598640
79.480000,471.562319,471.766567,471.562319
79.500000,471.526002,471.730219,471.526002
79.520000,471.489687,471.693874,471.489687
79.540000,471.453376,471.657532,471.453376
79.560000,471.417068,471.621194,471.417068
79.580000,471.380763,471.584859,471.380763
79.600000,471.344461,471.548527,471.344461
79.620000,471.308163,471.512199,471.308163
79.640000,471.271868,471.475873,471.271868
79.660000,471.235575,471.439551,471.235575
79.680000,471.199287,471.403232,471.199287
79.700000,471.163001,471.366916,471.163001
79.720000,471.126719,471.330604,471.126719
79.740000,471.090439,471.294294,471.090439
79.760000,471.054163,471.257988,471.054163
79.780000,471.017890,471.221685,471.017890
79.800000,470.981621,471.185385,470.981621
79.820000,470.945354,471.149089,470.945354
79.840000,470.909091,471.112795,470.909091
79.860000,470.872831,471.076505,470.872831
79.880000,470.836574,471.040218,470.836574
79.900000,470.800320,471.003934,470.800320
79.920000,470.764070,470.967654,470.764070
79.940000,470.727823,470.931376,470.727823
79.960000,470.691578,470.895102,470.691578
79.980000,470.655337,470.858831,470.655337
80.000000,470.619100,470.822563,470.619100
80.020000,470.582865,470.786299,470.582865
80.040000,470.546634,470.750037,470.546634
80.060000,470.510406,470.713779,470.510406
80.080000,470.474181,470.677524,470.474181
80.100000,470.437959,470.641272,470.437959
80.120000,470.401740,470.605023,470.401740
80.140000,470.365525,470.568778,470.365525
80.160000,470.329312,470.532536,470.329312
80.180000,470.293103,470.496296,470.293103
80.200000,470.256897,470.460060,470.256897
80.220000,470.220694,470.423828,470.220694
80.240000,470.184495,470.387598,470.184495
80.260000,470.148298,470.351372,470.148298
80.280000,470.112105,470.315149,470.112105
80.300000,470.075915,470.278928,470.075915
80.320000,470.039728,470.242712,470.039728
80.340000,470.003544,470.206498,470.003544
80.360000,469.967364,470.170287,469.967364
80.380000,469.931186,470.134080,469.931186
80.400000,469.895012,470.097876,469.895012
80.420000,469.858841,470.061675,469.858841
80.440000,469.822673,470.025477,469.822673
80.460000,469.786508,469.989282,469.786508
80.480000,469.750347,469.953091,469.750347
80.500000,469.714188,469.916903,469.714188
80.520000,469.678033,469.880717,469.678033
80.540000,469.641881,469.844535,469.641881
80.560000,469.605732,469.808357,469.605732
80.580000,469.569586,469.772181,469.569586
80.600000,469.533443,469.736008,469.533443
80.620000,469.497304,469.699839,469.497304
80.640000,469.461168,469.663673,469.461168
80.660000,469.425034,469.627510,469.425034
80.680000,469.388904,469.591350,469.388904
80.700000,469.352778,469.555193,469.352778
80.720000,469.316654,469.519040,469.316654
80.740000,469.280533,469.482889,469.280533
80.760000,469.244416,469.446742,469.244416
80.780000,469.208301,469.410598,469.208301
80.800000,469.172190,469.374457,469.172190
80.820000,469.136082,469.338319,469.136082
80.840000,469.099977,469.302185,469.099977
80.860000,469.063876,469.266053,469.063876
80.880000,469.027777,469.229925,469.027777
80.900000,468.991682,469.193800,468.991682
80.920000,468.955589,469.157678,468.955589
80.940000,468.919500,469.121559,468.919500
80.960000,468.883414,469.085443,468.883414
80.980000,468.847331,469.049330,468.847331
81.000000,468.811252,469.013221,468.811252
81.020000,468.775175,468.977115,468.775175
81.040000,468.739102,468.941011,468.739102
81.060000,468.703031,468.904911,468.703031
81.080000,468.666964,468.868814,468.666964
81.100000,468.630900,468.832721,468.630900
81.120000,468.594839,468.796630,468.594839
81.140000,468.558781,468.760543,468.558781
81.160000,468.522727,468.724458,468.522727
81.180000,468.486675,468.688377,468.486675
81.200000,468.450627,468.652299,468.450627
81.220000,468.414581,468.616224,468.414581
81.240000,468.378539,468.580152,468.378539
81.260000,468.342500,468.544083,468.342500
81.280000,468.306464,468.508018,468.306464
81.300000,468.270431,468.471955,468.270431
81.320000,468.234402,468.435896,468.234402
81.340000,468.198375,468.399840,468.198375
81.360000,468.162352,468.363787,468.162352
81.380000,468.126331,468.327737,468.126331
81.400000,468.090314,468.291690,468.090314
81.420000,468.054300,468.255647,468.054300
81.440000,468.018289,468.219606,468.018289
81.460000,467.982281,468.183569,467.982281
81.480000,467.946276,468.147534,467.946276
81.500000,467.910275,468.111503,467.910275
81.520000,467.874276,468.075475,467.874276
81.540000,467.838281,468.039450,467.838281
81.560000,467.802289,468.003428,467.802289
81.580000,467.766299,467.967410,467.766299
81.600000,467.730313,467.931394,467.730313
81.620000,467.694330,467.895381,467.694330
81.640000,467.658350,467.859372,467.658350
81.660000,467.622374,467.823366,467.622374
81.680000,467.586400,467.787363,467.586400
81.700000,467.550430,467.751363,467.550430
81.720000,467.514462,467.715366,467.514462
81.740000,467.478498,467.679372,467.478498
81.760000,467.442537,467.643381,467.442537
81.780000,467.406578,467.607394,467.406578
81.800000,467.370623,467.571409,467.370623
81.820000,467.334671,467.535428,467.334671
81.840000,467.298723,467.499449,467.298723
81.860000,467.262777,467.463474,467.262777
81.880000,467.226834,467.427502,467.226834
81.900000,467.190895,467.391533,467.190895
81.920000,467.154958,467.355567,467.154958
81.940000,467.119025,467.319605,467.119025
81.960000,467.083095,467.283645,467.083095
81.980000,467.047167,467.247688,467.047167
82.000000,467.011243,467.211735,467.011243
82.020000,466.975322,467.175785,466.975322
82.040000,466.939404,467.139837,466.939404
82.060000,466.903490,467.103893,466.903490
82.080000,466.867578,467.067952,466.867578
82.100000,466.831669,467.032014,466.831669
82.120000,466.795764,466.996079,466.795764
82.140000,466.759861,466.960147,466.759861
82.160000,466.723962,466.924219,466.723962
82.180000,466.688066,466.888293,466.688066
82.200000,466.652172,466.852370,466.652172
82.220000,466.616282,466.816451,466.616282
82.240000,466.580395,466.780535,466.580395
82.260000,466.544511,466.744621,466.544511
82.280000,466.508630,466.708711,466.508630
82.300000,466.472753,466.672804,466.472753
82.320000,466.436878,466.636900,466.436878
82.340000,466.401006,466.600999,466.401006
82.360000,466.365138,466.565101,466.365138
82.380000,466.329272,466.529207,466.329272
82.400000,466.293410,466.493315,466.293410
82.420000,466.257550,466.457426,466.257550
82.440000,466.221694,466.421541,466.221694
82.460000,466.185841,466.385658,466.185841
82.480000,466.149991,466.349779,466.149991
82.500000,466.114144,466.313903,466.114144
82.520000,466.078300,466.278029,466.078300
82.540000,466.042459,466.242159,466.042459
82.560000,466.006621,466.206292,466.006621
82.580000,465.970786,466.170428,465.970786
82.600000,465.934954,466.134567,465.934954
82.620000,465.899126,466.098710,465.899126
82.640000,465.863300,466.062855,465.863300
82.660000,465.827478,466.027003,465.827478
82.680000,465.791658,465.991154,465.791658
82.700000,465.755842,465.955309,465.755842
82.720000,465.720028,465.919466,465.720028
82.740000,465.684218,465.883627,465.684218
82.760000,465.648411,465.847791,465.648411
82.780000,465.612607,465.811957,465.612607
82.800000,465.576806,465.776127,465.576806
82.820000,465.541008,465.740300,465.541008
82.840000,465.505213,465.704476,465.505213
82.860000,465.469421,465.668655,465.469421
82.880000,465.433632,465.632837,465.433632
82.900000,465.397846,465.597022,465.397846
82.920000,465.362063,465.561210,465.362063
82.940000,465.326284,465.525401,465.326284
82.960000,465.290507,465.489596,465.290507
82.980000,465.254733,465.453793,465.254733
83.000000,465.218963,465.417993,465.218963
83.020000,465.183195,465.382197,465.183195
83.040000,465.147431,465.346403,465.147431
83.060000,465.111669,465.310613,465.111669
83.080000,465.075911,465.274825,465.075911
83.100000,465.040156,465.239041,465.040156
83.120000,465.004403,465.203260,465.004403
83.140000,464.968654,465.167481,464.968654
83.160000,464.932908,465.131706,464.932908
83.180000,464.897165,465.095934,464.897165
83.200000,464.861425,465.060165,464.861425
83.220000,464.825688,465.024399,464.825688
83.240000,464.789954,464.988636,464.789954
83.260000,464.754223,464.952876,464.754223
83.280000,464.718495,464.917119,464.718495
83.300000,464.682770,464.881365,464.682770
83.320000,464.647048,464.845615,464.647048
83.340000,464.611329,464.809867,464.611329
83.360000,464.575614,464.774122,464.575614
83.380000,464.539901,464.738380,464.539901
83.400000,464.504191,464.702642,464.504191
83.420000,464.468484,464.666906,464.468484
83.440000,464.432781,464.631174,464.432781
83.460000,464.397080,464.595444,464.397080
83.480000,464.361383,464.559718,464.361383
83.500000,464.325688,464.523994,464.325688
83.520000,464.289997,464.488274,464.289997
83.540000,464.254308,464.452556,464.254308
83.560000,464.218623,464.416842,464.218623
83.580000,464.182940,464.381131,464.182940
83.600000,464.147261,464.345423,464.147261
83.620000,464.111585,464.309717,464.111585
83.640000,464.075911,464.274015,464.075911
83.660000,464.040241,464.238316,464.040241
83.680000,464.004574,464.202620,464.004574
83.700000,463.968909,464.166927,463.968909
83.720000,463.933248,464.131237,463.933248
83.740000,463.897590,464.095550,463.897590
83.760000,463.861935,464.059866,463.861935
83.780000,463.826283,464.024185,463.826283
83.800000,463.790633,463.988507,463.790633
83.820000,463.754987,463.952832,463.754987
83.840000,463.719344,463.917160,463.719344
83.860000,463.683704,463.881491,463.683704
83.880000,463.648067,463.845825,463.648067
83.900000,463.612433,463.810162,463.612433
83.920000,463.576802,463.774503,463.576802
83.940000,463.541174,463.738846,463.541174
83.960000,463.505549,463.703192,463.505549
83.980000,463.469927,463.667541,463.469927
84.000000,463.434308,463.631894,463.434308
84.020000,463.398692,463.596249,463.398692
84.040000,463.363079,463.560607,463.363079
84.060000,463.327469,463.524968,463.327469
84.080000,463.291862,463.489333,463.291862
84.100000,463.256258,463.453700,463.256258
84.120000,463.220657,463.418071,463.220657
84.140000,463.185059,463.382444,463.185059
84.160000,463.149464,463.346820,463.149464
84.180000,463.113873,463.311200,463.113873
84.200000,463.078284,463.275582,463.078284
84.220000,463.042698,463.239968,463.042698
84.240000,463.007115,463.204356,463.007115
84.260000,462.971535,463.168748,462.971535
84.280000,462.935958,463.133142,462.935958
84.300000,462.900384,463.097540,462.900384
84.320000,462.864814,463.061940,462.864814
84.340000,462.829246,463.026344,462.829246
84.360000,462.793681,462.990750,462.793681
84.380000,462.758119,462.955160,462.758119
84.400000,462.722560,462.919572,462.722560
84.420000,462.687004,462.883988,462.687004
84.440000,462.651451,462.848406,462.651451
84.460000,462.615901,462.812828,462.615901
84.480000,462.580355,462.777252,462.580355
84.500000,462.544811,462.741680,462.544811
84.520000,462.509270,462.706110,462.509270
84.540000,462.473732,462.670544,462.473732
84.560000,462.438197,462.634980,462.438197
84.580000,462.402665,462.599420,462.402665
84.600000,462.367136,462.563863,462.367136
84.620000,462.331610,462.528308,462.331610
84.640000,462.296087,462.492757,462.296087
84.660000,462.260568,462.457208,462.260568
84.680000,462.225051,462.421663,462.225051
84.700000,462.189537,462.386120,462.189537
84.720000,462.154026,462.350581,462.154026
84.740000,462.118518,462.315044,462.118518
84.760000,462.083013,462.279511,462.083013
84.780000,462.047511,462.243980,462.047511
84.800000,462.012012,462.208453,462.012012
84.820000,461.976516,462.172928,461.976516
84.840000,461.941023,462.137407,461.941023
84.860000,461.905533,462.101888,461.905533
84.880000,461.870046,462.066373,461.870046
84.900000,461.834561,462.030860,461.834561
84.920000,461.799080,461.995351,461.799080
84.940000,461.763602,461.959844,461.763602
84.960000,461.728127,461.924340,461.728127
84.980000,461.692655,461.888840,461.692655
85.000000,461.657186,461.853342,461.657186
85.020000,461.621720,461.817848,461.621720
85.040000,461.586256,461.782356,461.586256
85.060000,461.550796,461.746867,461.550796
85.080000,461.515339,461.711382,461.515339
85.100000,461.479884,461.675899,461.479884
85.120000,461.444433,461.640419,461.444433
85.140000,461.408985,461.604943,461.408985
85.160000,461.373539,461.569469,461.373539
85.180000,461.338097,461.533998,461.338097
85.200000,461.302658,461.498530,461.302658
85.220000,461.267221,461.463065,461.267221
85.240000,461.231788,461.427604,461.231788
85.260000,461.196357,461.392145,461.196357
85.280000,461.160930,461.356689,461.160930
85.300000,461.125505,461.321236,461.125505
85.320000,461.090083,461.285786,461.090083
85.340000,461.054665,461.250339,461.054665
85.360000,461.019249,461.214895,461.019249
85.380000,460.983836,461.179454,460.983836
85.400000,460.948427,461.144016,460.948427
85.420000,460.913020,461.108581,460.913020
85.440000,460.877616,461.073149,460.877616
85.460000,460.842215,461.037720,460.842215
85.480000,460.806817,461.002293,460.806817
85.500000,460.771422,460.966870,460.771422
85.520000,460.736031,460.931450,460.736031
85.540000,460.700642,460.896033,460.700642
85.560000,460.665255,460.860619,460.665255
85.580000,460.629872,460.825207,460.629872
85.600000,460.594492,460.789799,460.594492
85.620000,460.559115,460.754394,460.559115
85.640000,460.523741,460.718991,460.523741
85.660000,460.488370,460.683592,460.488370
85.680000,460.453001,460.648195,460.453001
85.700000,460.417636,460.612802,460.417636
85.720000,460.382274,460.577411,460.382274
85.740000,460.346914,460.542023,460.346914
85.760000,460.311558,460.506639,460.311558
85.780000,460.276204,460.471257,460.276204
85.800000,460.240854,460.435878,460.240854
85.820000,460.205506,460.400503,460.205506
85.840000,460.170162,460.365130,460.170162
85.860000,460.134820,460.329760,460.134820
85.880000,460.099481,460.294393,460.099481
85.900000,460.064146,460.259029,460.064146
85.920000,460.028813,460.223668,460.028813
85.940000,459.993483,460.188310,459.993483
85.960000,459.958156,460.152955,459.958156
85.980000,459.922832,460.117603,459.922832
86.000000,459.887511,460.082254,459.887511
86.020000,459.852193,460.046908,459.852193
86.040000,459.816878,460.011565,459.816878
86.060000,459.781565,459.976224,459.781565
86.080000,459.746256,459.940887,459.746256
86.100000,459.710950,459.905553,459.710950
86.120000,459.675647,459.870221,459.675647
86.140000,459.640346,459.834893,459.640346
86.160000,459.605049,459.799567,459.605049
86.180000,459.569754,459.764244,459.569754
86.200000,459.534463,459.728925,459.534463
86.220000,459.499174,459.693608,459.499174
86.240000,459.463888,459.658294,459.463888
86.260000,459.428606,459.622984,459.428606
86.280000,459.393326,459.587676,459.393326
86.300000,459.358049,459.552371,459.358049
86.320000,459.322775,459.517069,459.322775
86.340000,459.287504,459.481770,459.287504
86.360000,459.252236,459.446474,459.252236
86.380000,459.216971,459.411181,459.216971
86.400000,459.181708,459.375890,459.181708
86.420000,459.146449,459.340603,459.146449
86.440000,459.111193,459.305319,459.111193
86.460000,459.075939,459.270037,459.075939
86.480000,459.040689,459.234759,459.040689
86.500000,459.005441,459.199484,459.005441
86.520000,458.970197,459.164211,458.970197
86.540000,458.934955,459.128941,458.934955
86.560000,458.899717,459.093675,458.899717
86.580000,458.864481,459.058411,458.864481
86.600000,458.829248,459.023150,458.829248
86.620000,458.794018,458.987892,458.794018
86.640000,458.758791,458.952637,458.758791
86.660000,458.723567,458.917385,458.723567
86.680000,458.688346,458.882136,458.688346
86.700000,458.653127,458.846890,458.653127
86.720000,458.617912,458.811647,458.617912
86.740000,458.582700,458.776407,458.582700
86.760000,458.547490,458.741169,458.547490
86.780000,458.512284,458.705935,458.512284
86.800000,458.477080,458.670704,458.477080
86.820000,458.441880,458.635475,458.441880
86.840000,458.406682,458.600249,458.406682
86.860000,458.371487,458.565027,458.371487
86.880000,458.336295,458.529807,458.336295
86.900000,458.301106,458.494590,458.301106
86.920000,458.265920,458.459376,458.265920
86.940000,458.230737,458.424165,458.230737
86.960000,458.195557,458.388957,458.195557
86.980000,458.160379,458.353752,458.160379
87.000000,458.125205,458.318550,458.125205
87.020000,458.090034,458.283351,458.090034
87.040000,458.054865,458.248154,458.054865
87.060000,458.019699,458.212961,458.019699
87.080000,457.984537,458.177770,457.984537
87.100000,457.949377,458.142583,457.949377
87.120000,457.914220,458.107398,457.914220
87.140000,457.879066,458.072216,457.879066
87.160000,457.843915,458.037038,457.843915
87.180000,457.808767,458.001862,457.808767
87.200000,457.773622,457.966689,457.773622
87.220000,457.738479,457.931519,457.738479
87.240000,457.703340,457.896352,457.703340
87.260000,457.668204,457.861187,457.668204
87.280000,457.633070,457.826026,457.633070
87.300000,457.597939,457.790868,457.597939
87.320000,457.562812,457.755712,457.562812
87.340000,457.527687,457.720560,457.527687
87.360000,457.492565,457.685410,457.492565
87.380000,457.457446,457.650263,457.457446
87.400000,457.422330,457.615120,457.422330
87.420000,457.387216,457.579979,457.387216
87.440000,457.352106,457.544841,457.352106
87.460000,457.316999,457.509706,457.316999
87.480000,457.281894,457.474573,457.281894
87.500000,457.246793,457.439444,457.246793
87.520000,457.211694,457.404318,457.211694
87.540000,457.176598,457.369194,457.176598
87.560000,457.141505,457.334074,457.141505
87.580000,457.106415,457.298956,457.106415
87.600000,457.071328,457.263842,457.071328
87.620000,457.036244,457.228730,457.036244
87.640000,457.001163,457.193621,457.001163
87.660000,456.966085,457.158515,456.966085
87.680000,456.931009,457.123412,456.931009
87.700000,456.895937,457.088312,456.895937
87.720000,456.860867,457.053215,456.860867
87.740000,456.825800,457.018120,456.825800
87.760000,456.790736,456.983029,456.790736
87.780000,456.755675,456.947940,456.755675
87.800000,456.720617,456.912855,456.720617
87.820000,456.685562,456.877772,456.685562
87.840000,456.650510,456.842692,456.650510
87.860000,456.615461,456.807615,456.615461
87.880000,456.580414,456.772541,456.580414
87.900000,456.545371,456.737470,456.545371
87.920000,456.510330,456.702402,456.510330
87.940000,456.475292,456.667336,456.475292
87.960000,456.440257,456.632274,456.440257
87.980000,456.405225,456.597214,456.405225
88.000000,456.370196,456.562158,456.370196
88.020000,456.335170,456.527104,456.335170
88.040000,456.300146,456.492053,456.300146
88.060000,456.265126,456.457005,456.265126
88.080000,456.230108,456.421960,456.230108
88.100000,456.195094,456.386918,456.195094
88.120000,456.160082,456.351879,456.160082
88.140000,456.125073,456.316843,456.125073
88.160000,456.090067,456.281809,456.090067
88.180000,456.055064,456.246779,456.055064
88.200000,456.020064,456.211751,456.020064
88.220000,455.985067,456.176726,455.985067
88.240000,455.950072,456.141704,455.950072
88.260000,455.915081,456.106685,455.915081
88.280000,455.880092,456.071669,455.880092
88.300000,455.845106,456.036656,455.845106
88.320000,455.810123,456.001646,455.810123
88.340000,455.775143,455.966638,455.775143
88.360000,455.740166,455.931634,455.740166
88.380000,455.705192,455.896632,455.705192
88.400000,455.670220,455.861633,455.670220
88.420000,455.635252,455.826637,455.635252
88.440000,455.600286,455.791644,455.600286
88.460000,455.565324,455.756654,455.565324
88.480000,455.530364,455.721667,455.530364
88.500000,455.495407,455.686683,455.495407
88.520000,455.460453,455.651701,455.460453
88.540000,455.425501,455.616723,455.425501
88.560000,455.390553,455.581747,455.390553
88.580000,455.355608,455.546774,455.355608
88.600000,455.320665,455.511804,455.320665
88.620000,455.285725,455.476837,455.285725
88.640000,455.250789,455.441873,455.250789
88.660000,455.215855,455.406912,455.215855
88.680000,455.180924,455.371953,455.180924
88.700000,455.145995,455.336998,455.145995
88.720000,455.111070,455.302045,455.111070
88.740000,455.076148,455.267095,455.076148
88.760000,455.041228,455.232149,455.041228
88.780000,455.006311,455.197205,455.006311
88.800000,454.971398,455.162264,454.971398
88.820000,454.936487,455.127325,454.936487
88.840000,454.901578,455.092390,454.901578
88.860000,454.866673,455.057457,454.866673
88.880000,454.831771,455.022528,454.831771
88.900000,454.796871,454.987601,454.796871
88.920000,454.761975,454.952677,454.761975
88.940000,454.727081,454.917756,454.727081
88.960000,454.692190,454.882838,454.692190
88.980000,454.657302,454.847923,454.657302
89.000000,454.622417,454.813011,454.622417
89.020000,454.587535,454.778101,454.587535
89.040000,454.552655,454.743195,454.552655
89.060000,454.517779,454.708291,454.517779
89.080000,454.482905,454.673390,454.482905
89.100000,454.448034,454.638492,454.448034
89.120000,454.413166,454.603597,454.413166
89.140000,454.378301,454.568705,454.378301
89.160000,454.343439,454.533815,454.343439
89.180000,454.308580,454.498929,454.308580
89.200000,454.273723,454.464045,454.273723
89.220000,454.238870,454.429164,454.238870
89.240000,454.204019,454.394286,454.204019
89.260000,454.169171,454.359411,454.169171
89.280000,454.134326,454.324539,454.134326
89.300000,454.099484,454.289670,454.099484
89.320000,454.064645,454.254803,454.064645
89.340000,454.029808,454.219940,454.029808
89.360000,453.994975,454.185079,453.994975
89.380000,453.960144,454.150221,453.960144
89.400000,453.925316,454.115366,453.925316
89.420000,453.890491,454.080514,453.890491
89.440000,453.855669,454.045665,453.855669
89.460000,453.820849,454.010818,453.820849
89.480000,453.786033,453.975975,453.786033
89.500000,453.751219,453.941134,453.751219
89.520000,453.716409,453.906296,453.716409
89.540000,453.681601,453.871462,453.681601
89.560000,453.646796,453.836629,453.646796
89.580000,453.611994,453.801800,453.611994
89.600000,453.577194,453.766974,453.577194
89.620000,453.542398,453.732150,453.542398
89.640000,453.507604,453.697330,453.507604
89.660000,453.472813,453.662512,453.472813
89.680000,453.438025,453.627697,453.438025
89.700000,453.403240,453.592885,453.403240
89.720000,453.368458,453.558076,453.368458
89.740000,453.333679,453.523269,453.333679
89.760000,453.298902,453.488466,453.298902
89.780000,453.264129,453.453665,453.264129
89.800000,453.229358,453.418867,453.229358
89.820000,453.194590,453.384072,453.194590
89.840000,453.159825,453.349280,453.159825
89.860000,453.125063,453.314491,453.125063
89.880000,453.090303,453.279705,453.090303
89.900000,453.055547,453.244921,453.055547
89.920000,453.020793,453.210140,453.020793
89.940000,452.986042,453.175363,452.986042
89.960000,452.951294,453.140588,452.951294
89.980000,452.916549,453.105815,452.916549
90.000000,452.881806,453.071046,452.881806
90.020000,452.847067,453.036280,452.847067
90.040000,452.812330,453.001516,452.812330
90.060000,452.777596,452.966755,452.777596
90.080000,452.742865,452.931998,452.742865
90.100000,452.708137,452.897243,452.708137
90.120000,452.673412,452.862490,452.673412
90.140000,452.638690,452.827741,452.638690
90.160000,452.603970,452.792995,452.603970
90.180000,452.569253,452.758251,452.569253
90.200000,452.534539,452.723510,452.534539
90.220000,452.499828,452.688772,452.499828
90.240000,452.465120,452.654037,452.465120
90.260000,452.430415,452.619305,452.430415
90.280000,452.395712,452.584575,452.395712
90.300000,452.361012,452.549849,452.361012
90.320000,452.326315,452.515125,452.326315
90.340000,452.291621,452.480404,452.291621
90.360000,452.256930,452.445686,452.256930
90.380000,452.222242,452.410971,452.222242
90.400000,452.187556,452.376259,452.187556
90.420000,452.152873,452.341549,452.152873
90.440000,452.118194,452.306842,452.118194
90.460000,452.083517,452.272138,452.083517
90.480000,452.048842,452.237437,452.048842
90.500000,452.014171,452.202739,452.014171
90.520000,451.979502,452.168044,451.979502
90.540000,451.944837,452.133352,451.944837
90.560000,451.910174,452.098662,451.910174
90.580000,451.875514,452.063975,451.875514
90.600000,451.840857,452.029291,451.840857
90.620000,451.806202,451.994610,451.806202
90.640000,451.771551,451.959932,451.771551
90.660000,451.736902,451.925256,451.736902
90.680000,451.702256,451.890584,451.702256
90.700000,451.667613,451.855914,451.667613
90.720000,451.632973,451.821247,451.632973
90.740000,451.598335,451.786583,451.598335
90.760000,451.563701,451.751921,451.563701
90.780000,451.529069,451.717263,451.529069
90.800000,451.494440,451.682607,451.494440
90.820000,451.459814,451.647954,451.459814
90.840000,451.425191,451.613305,451.425191
90.860000,451.390570,451.578657,451.390570
90.880000,451.355953,451.544013,451.355953
90.900000,451.321338,451.509372,451.321338
90.920000,451.286726,451.474733,451.286726
90.940000,451.252117,451.440097,451.252117
90.960000,451.217510,451.405464,451.217510
90.980000,451.182907,451.370834,451.182907
91.000000,451.148306,451.336207,451.148306
91.020000,451.113708,451.301582,451.113708
91.040000,451.079113,451.266961,451.079113
91.060000,451.044521,451.232342,451.044521
91.080000,451.009932,451.197726,451.009932
91.100000,450.975345,451.163113,450.975345
91.120000,450.940762,451.128502,450.940762
91.140000,450.906181,451.093895,450.906181
91.160000,450.871602,451.059290,450.871602
91.180000,450.837027,451.024688,450.837027
91.200000,450.802455,450.990089,450.802455
91.220000,450.767885,450.955493,450.767885
91.240000,450.733318,450.920899,450.733318
91.260000,450.698754,450.886309,450.698754
91.280000,450.664193,450.851721,450.664193
91.300000,450.629635,450.817136,450.629635
91.320000,450.595079,450.782554,450.595079
91.340000,450.560526,450.747975,450.560526
91.360000,450.525976,450.713398,450.525976
91.380000,450.491429,450.678825,450.491429
91.400000,450.456885,450.644254,450.456885
91.420000,450.422344,450.609686,450.422344
91.440000,450.387805,450.575121,450.387805
91.460000,450.353269,450.540558,450.353269
91.480000,450.318736,450.505999,450.318736
91.500000,450.284206,450.471442,450.284206
91.520000,450.249678,450.436888,450.249678
91.540000,450.215154,450.402337,450.215154
91.560000,450.180632,450.367789,450.180632
91.580000,450.146113,450.333243,450.146113
91.600000,450.111597,450.298700,450.111597
91.620000,450.077083,450.264161,450.077083
91.640000,450.042573,450.229624,450.042573
91.660000,450.008065,450.195089,450.008065
91.680000,449.973560,450.160558,449.973560
91.700000,449.939058,450.126029,449.939058
91.720000,449.904559,450.091504,449.904559
91.740000,449.870062,450.056981,449.870062
91.760000,449.835569,450.022461,449.835569
91.780000,449.801078,449.987943,449.801078
91.800000,449.766590,449.953429,449.766590
91.820000,449.732104,449.918917,449.732104
91.840000,449.697622,449.884408,449.697622
91.860000,449.663142,449.849902,449.663142
91.880000,449.628665,449.815399,449.628665
91.900000,449.594191,449.780898,449.594191
91.920000,449.559720,449.746401,449.559720
91.940000,449.525252,449.711906,449.525252
91.960000,449.490786,449.677414,449.490786
91.980000,449.456323,449.642925,449.456323
92.000000,449.421863,449.608438,449.421863
92.020000,449.387406,449.573955,449.387406
92.040000,449.352951,449.539474,449.352951
92.060000,449.318500,449.504996,449.318500
92.080000,449.284051,449.470521,449.284051
92.100000,449.249605,449.436048,449.249605
92.120000,449.215162,449.401579,449.215162
92.140000,449.180721,449.367112,449.180721
92.160000,449.146284,449.332648,449.146284
92.180000,449.111849,449.298187,449.111849
92.200000,449.077417,449.263729,449.077417
92.220000,449.042987,449.229273,449.042987
92.240000,449.008561,449.194820,449.008561
92.260000,448.974137,449.160370,448.974137
92.280000,448.939717,449.125923,448.939717
92.300000,448.905299,449.091479,448.905299
92.320000,448.870883,449.057037,448.870883
92.340000,448.836471,449.022599,448.836471
92.360000,448.802061,448.988163,448.802061
92.380000,448.767654,448.953730,448.767654
92.400000,448.733250,448.919299,448.733250
92.420000,448.698849,448.884872,448.698849
92.440000,448.664450,448.850447,448.664450
92.460000,448.630055,448.816025,448.630055
92.480000,448.595662,448.781606,448.595662
92.500000,448.561272,448.747190,448.561272
92.520000,448.526885,448.712776,448.526885
92.540000,448.492500,448.678365,448.492500
92.560000,448.458118,448.643957,448.458118
92.580000,448.423739,448.609552,448.423739
92.600000,448.389363,448.575150,448.389363
92.620000,448.354990,448.540750,448.354990
92.640000,448.320619,448.506354,448.320619
92.660000,448.286252,448.471960,448.286252
92.680000,448.251887,448.437569,448.251887
92.700000,448.217524,448.403180,448.217524
92.720000,448.183165,448.368795,448.183165
92.740000,448.148808,448.334412,448.148808
92.760000,448.114455,448.300032,448.114455
92.780000,448.080104,448.265655,448.080104
92.800000,448.045755,448.231280,448.045755
92.820000,448.011410,448.196909,448.011410
92.840000,447.977067,448.162540,447.977067
92.860000,447.942727,448.128174,447.942727
92.880000,447.908390,448.093811,447.908390
92.900000,447.874056,448.059450,447.874056
92.920000,447.839724,448.025093,447.839724
92.940000,447.805396,447.990738,447.805396
92.960000,447.771070,447.956386,447.771070
92.980000,447.736747,447.922037,447.736747
93.000000,447.702426,447.887690,447.702426
93.020000,447.668109,447.853346,447.668109
93.040000,447.633794,447.819005,447.633794
93.060000,447.599482,447.784667,447.599482
93.080000,447.565172,447.750332,447.565172
93.100000,447.530866,447.715999,447.530866
93.120000,447.496562,447.681670,447.496562
93.140000,447.462261,447.647343,447.462261
93.160000,447.427963,447.613019,447.427963
93.180000,447.393668,447.578697,447.393668
93.200000,447.359375,447.544379,447.359375
93.220000,447.325086,447.510063,447.325086
93.240000,447.290799,447.475750,447.290799
93.260000,447.256514,447.441439,447.256514
93.280000,447.222233,447.407132,447.222233
93.300000,447.187954,447.372827,447.187954
93.320000,447.153678,447.338525,447.153678
93.340000,447.119405,447.304226,447.119405
93.360000,447.085135,447.269930,447.085135
93.380000,447.050867,447.235636,447.050867
93.400000,447.016603,447.201346,447.016603
93.420000,446.982341,447.167058,446.982341
93.440000,446.948081,447.132772,446.948081
93.460000,446.913825,447.098490,446.913825
93.480000,446.879571,447.064210,446.879571
93.500000,446.845320,447.029934,446.845320
93.520000,446.811072,446.995659,446.811072
93.540000,446.776827,446.961388,446.776827
93.560000,446.742584,446.927120,446.742584
93.580000,446.708344,446.892854,446.708344
93.600000,446.674107,446.858591,446.674107
93.620000,446.639873,446.824331,446.639873
93.640000,446.605642,446.790073,446.605642
93.660000,446.571413,446.755819,446.571413
93.680000,446.537187,446.721567,446.537187
93.700000,446.502964,446.687318,446.502964
93.720000,446.468743,446.653071,446.468743
93.740000,446.434526,446.618828,446.434526
93.760000,446.400311,446.584587,446.400311
93.780000,446.366099,446.550349,446.366099
93.800000,446.331889,446.516114,446.331889
93.820000,446.297683,446.481882,446.297683
93.840000,446.263479,446.447652,446.263479
93.860000,446.229278,446.413425,446.229278
93.880000,446.195080,446.379201,446.195080
93.900000,446.160884,446.344980,446.160884
93.920000,446.126692,446.310761,446.126692
93.940000,446.092502,446.276545,446.092502
93.960000,446.058314,446.242332,446.058314
93.980000,446.024130,446.208122,446.024130
94.000000,445.989948,446.173914,445.989948
94.020000,445.955769,446.139710,445.955769
94.040000,445.921593,446.105508,445.921593
94.060000,445.887420,446.071309,445.887420
94.080000,445.853249,446.037112,445.853249
94.100000,445.819082,446.002919,445.819082
94.120000,445.784916,445.968728,445.784916
94.140000,445.750754,445.934540,445.750754
94.160000,445.716595,445.900354,445.716595
94.180000,445.682438,445.866172,445.682438
94.200000,445.648284,445.831992,445.648284
94.220000,445.614133,445.797815,445.614133
94.240000,445.579984,445.763641,445.579984
94.260000,445.545838,445.729469,445.545838
94.280000,445.511695,445.695301,445.511695
94.300000,445.477555,445.661135,445.477555
94.320000,445.443418,445.626971,445.443418
94.340000,445.409283,445.592811,445.409283
94.360000,445.375151,445.558653,445.375151
94.380000,445.341022,445.524499,445.341022
94.400000,445.306896,445.490346,445.306896
94.420000,445.272772,445.456197,445.272772
94.440000,445.238651,445.422050,445.238651
94.460000,445.204533,445.387907,445.204533
94.480000,445.170418,445.353766,445.170418
94.500000,445.136305,445.319627,445.136305
94.520000,445.102195,445.285492,445.102195
94.540000,445.068088,445.251359,445.068088
94.560000,445.033984,445.217229,445.033984
94.580000,444.999882,445.183102,444.999882
94.600000,444.965783,445.148977,444.965783
94.620000,444.931687,445.114855,444.931687
94.640000,444.897594,445.080736,444.897594
94.660000,444.863503,445.046620,444.863503
94.680000,444.829415,445.012507,444.829415
94.700000,444.795330,444.978396,444.795330
94.720000,444.761248,444.944288,444.761248
94.740000,444.727168,444.910183,444.727168
94.760000,444.693092,444.876081,444.693092
94.780000,444.659018,444.841981,444.659018
94.800000,444.624946,444.807884,444.624946
94.820000,444.590878,444.773790,444.590878
94.840000,444.556812,444.739698,444.556812
94.860000,444.522749,444.705610,444.522749
94.880000,444.488689,444.671524,444.488689
94.900000,444.454631,444.637441,444.454631
94.920000,444.420576,444.603360,444.420576
94.940000,444.386524,444.569283,444.386524
94.960000,444.352475,444.535208,444.352475
94.980000,444.318428,444.501136,444.318428
95.000000,444.284385,444.467067,444.284385
95.020000,444.250344,444.433000,444.250344
95.040000,444.216305,444.398936,444.216305
95.060000,444.182270,444.364875,444.182270
95.080000,444.148237,444.330817,444.148237
95.100000,444.114207,444.296761,444.114207
95.120000,444.080180,444.262708,444.080180
95.140000,444.046155,444.228658,444.046155
95.160000,444.012133,444.194611,444.012133
95.180000,443.978114,444.160566,443.978114
95.200000,443.944098,444.126524,443.944098
95.220000,443.910084,444.092485,443.910084
95.240000,443.876073,444.058449,443.876073
95.260000,443.842065,444.024416,443.842065
95.280000,443.808060,443.990385,443.808060
95.300000,443.774057,443.956357,443.774057
95.320000,443.740058,443.922331,443.740058
95.340000,443.706060,443.888309,443.706060
95.360000,443.672066,443.854289,443.672066
95.380000,443.638074,443.820272,443.638074
95.400000,443.604086,443.786257,443.604086
95.420000,443.570099,443.752246,443.570099
95.440000,443.536116,443.718237,443.536116
95.460000,443.502135,443.684231,443.502135
95.480000,443.468157,443.650228,443.468157
95.500000,443.434182,443.616227,443.434182
95.520000,443.400210,443.582229,443.400210
95.540000,443.366240,443.548234,443.366240
95.560000,443.332273,443.514242,443.332273
95.580000,443.298309,443.480252,443.298309
95.600000,443.264347,443.446265,443.264347
95.620000,443.230389,443.412281,443.230389
95.640000,443.196433,443.378300,443.196433
95.660000,443.162479,443.344321,443.162479
95.680000,443.128529,443.310345,443.128529
95.700000,443.094581,443.276372,443.094581
95.720000,443.060636,443.242402,443.060636
95.740000,443.026694,443.208434,443.026694
95.760000,442.992754,443.174469,442.992754
95.780000,442.958817,443.140507,442.958817
95.800000,442.924883,443.106547,442.924883
95.820000,442.890952,443.072591,442.890952
95.840000,442.857023,443.038637,442.857023
95.860000,442.823097,443.004685,442.823097
95.880000,442.789174,442.970737,442.789174
95.900000,442.755254,442.936791,442.755254
95.920000,442.721336,442.902848,442.721336
95.940000,442.687421,442.868908,442.687421
95.960000,442.653509,442.834970,442.653509
95.980000,442.619599,442.801036,442.619599
96.000000,442.585693,442.767104,442.585693
96.020000,442.551789,442.733174,442.551789
96.040000,442.517887,442.699248,442.517887
96.060000,442.483989,442.665324,442.483989
96.080000,442.450093,442.631403,442.450093
96.100000,442.416200,442.597484,442.416200
96.120000,442.382309,442.563569,442.382309
96.140000,442.348422,442.529656,442.348422
96.160000,442.314537,442.495746,442.314537
96.180000,442.280655,442.461838,442.280655
96.200000,442.246775,442.427934,442.246775
96.220000,442.212899,442.394032,442.212899
96.240000,442.179025,442.360132,442.179025
96.260000,442.145153,442.326236,442.145153
96.280000,442.111285,442.292342,442.111285
96.300000,442.077419,442.258451,442.077419
96.320000,442.043556,442.224563,442.043556
96.340000,442.009696,442.190677,442.009696
96.360000,441.975838,442.156795,441.975838
96.380000,441.941983,442.122914,441.941983
96.400000,441.908131,442.089037,441.908131
96.420000,441.874281,442.055162,441.874281
96.440000,441.840435,442.021291,441.840435
96.460000,441.806591,441.987421,441.806591
96.480000,441.772749,441.953555,441.772749
96.500000,441.738911,441.919691,441.738911
96.520000,441.705075,441.885830,441.705075
96.540000,441.671242,441.851972,441.671242
96.560000,441.637412,441.818117,441.637412
96.580000,441.603584,441.784264,441.603584
96.600000,441.569759,441.750414,441.569759
96.620000,441.535937,441.716566,441.535937
96.640000,441.502117,441.682722,441.502117
96.660000,441.468301,441.648880,441.468301
96.680000,441.434487,441.615041,441.434487
96.700000,441.400675,441.581204,441.400675
96.720000,441.366867,441.547371,441.366867
96.740000,441.333061,441.513540,441.333061
96.760000,441.299258,441.479711,441.299258
96.780000,441.265457,441.445886,441.265457
96.800000,441.231659,441.412063,441.231659
96.820000,441.197865,441.378243,441.197865
96.840000,441.164072,441.344426,441.164072
96.860000,441.130283,441.310611,441.130283
96.880000,441.096496,441.276799,441.096496
96.900000,441.062712,441.242990,441.062712
96.920000,441.028930,441.209184,441.028930
96.940000,440.995152,441.175380,440.995152
96.960000,440.961376,441.141579,440.961376
96.980000,440.927603,441.107781,440.927603
97.000000,440.893832,441.073985,440.893832
97.020000,440.860064,441.040192,440.860064
97.040000,440.826299,441.006402,440.826299
97.060000,440.792537,440.972615,440.792537
97.080000,440.758777,440.938830,440.758777
97.100000,440.725020,440.905048,440.725020
97.120000,440.691266,440.871269,440.691266
97.140000,440.657514,440.837492,440.657514
97.160000,440.623766,440.803719,440.623766
97.180000,440.590020,440.769948,440.590020
97.200000,440.556276,440.736179,440.556276
97.220000,440.522536,440.702414,440.522536
97.240000,440.488798,440.668651,440.488798
97.260000,440.455062,440.634891,440.455062
97.280000,440.421330,440.601133,440.421330
97.300000,440.387600,440.567378,440.387600
97.320000,440.353873,440.533626,440.353873
97.340000,440.320149,440.499877,440.320149
97.360000,440.286427,440.466130,440.286427
97.380000,440.252708,440.432387,440.252708
97.400000,440.218992,440.398645,440.218992
97.420000,440.185278,440.364907,440.185278
97.440000,440.151567,440.331171,440.151567
97.460000,440.117859,440.297438,440.117859
97.480000,440.084154,440.263708,440.084154
97.500000,440.050451,440.229980,440.050451
97.520000,440.016751,440.196255,440.016751
97.540000,439.983054,440.162533,439.983054
97.560000,439.949360,440.128814,439.949360
97.580000,439.915668,440.095097,439.915668
97.600000,439.881979,440.061383,439.881979
97.620000,439.848292,440.027672,439.848292
97.640000,439.814608,439.993963,439.814608
97.660000,439.780927,439.960257,439.780927
97.680000,439.747249,439.926554,439.747249
97.700000,439.713573,439.892854,439.713573
97.720000,439.679901,439.859156,439.679901
97.740000,439.646230,439.825461,439.646230
97.760000,439.612563,439.791769,439.612563
97.780000,439.578898,439.758079,439.578898
97.800000,439.545236,439.724392,439.545236
97.820000,439.511577,439.690708,439.511577
97.840000,439.477920,439.657026,439.477920
97.860000,439.444266,439.623348,439.444266
97.880000,439.410615,439.589672,439.410615
97.900000,439.376966,439.555998,439.376966
97.920000,439.343320,439.522328,439.343320
97.940000,439.309677,439.488660,439.309677
97.960000,439.276037,439.454995,439.276037
97.980000,439.242399,439.421332,439.242399
98.000000,439.208764,439.387672,439.208764
98.020000,439.175132,439.354015,439.175132
98.040000,439.141502,439.320361,439.141502
98.060000,439.107875,439.286709,439.107875
98.080000,439.074251,439.253060,439.074251
98.100000,439.040630,439.219414,439.040630
98.120000,439.007011,439.185770,439.007011
98.140000,438.973395,439.152129,438.973395
98.160000,438.939781,439.118491,438.939781
98.180000,438.906170,439.084856,438.906170
98.200000,438.872562,439.051223,438.872562
98.220000,438.838957,439.017593,438.838957
98.240000,438.805355,438.983966,438.805355
98.260000,438.771755,438.950341,438.771755
98.280000,438.738157,438.916719,438.738157
98.300000,438.704563,438.883100,438.704563
98.320000,438.670971,438.849483,438.670971
98.340000,438.637382,438.815870,438.637382
98.360000,438.603795,438.782258,438.603795
98.380000,438.570212,438.748650,438.570212
98.400000,438.536631,438.715044,438.536631
98.420000,438.503052,438.681441,438.503052
98.440000,438.469477,438.647841,438.469477
98.460000,438.435904,438.614243,438.435904
98.480000,438.402333,438.580648,438.402333
98.500000,438.368766,438.547056,438.368766
98.520000,438.335201,438.513467,438.335201
98.540000,438.301639,438.479880,438.301639
98.560000,438.268079,438.446296,438.268079
98.580000,438.234523,438.412714,438.234523
98.600000,438.200969,438.379136,438.200969
98.620000,438.167417,438.345560,438.167417
98.640000,438.133868,438.311986,438.133868
98.660000,438.100322,438.278416,438.100322
98.680000,438.066779,438.244848,438.066779
98.700000,438.033239,438.211283,438.033239
98.720000,437.999701,438.177720,437.999701
98.740000,437.966165,438.144160,437.966165
98.760000,437.932633,438.110603,437.932633
98.780000,437.899103,438.077049,437.899103
98.800000,437.865576,438.043497,437.865576
98.820000,437.832051,438.009948,437.832051
98.840000,437.798530,437.976402,437.798530
98.860000,437.765010,437.942858,437.765010
98.880000,437.731494,437.909317,437.731494
98.900000,437.697980,437.875779,437.697980
98.920000,437.664469,437.842243,437.664469
98.940000,437.630961,437.808710,437.630961
98.960000,437.597455,437.775180,437.597455
98.980000,437.563952,437.741653,437.563952
99.000000,437.530452,437.708128,437.530452
99.020000,437.496955,437.674606,437.496955
99.040000,437.463460,437.641086,437.463460
99.060000,437.429968,437.607570,437.429968
99.080000,437.396478,437.574056,437.396478
99.100000,437.362991,437.540544,437.362991
99.120000,437.329507,437.507036,437.329507
99.140000,437.296026,437.473530,437.296026
99.160000,437.262547,437.440027,437.262547
99.180000,437.229071,437.406526,437.229071
99.200000,437.195597,437.373028,437.195597
99.220000,437.162127,437.339533,437.162127
99.240000,437.128659,437.306040,437.128659
99.260000,437.095193,437.272551,437.095193
99.280000,437.061731,437.239064,437.061731
99.300000,437.028271,437.205579,437.028271
99.320000,436.994813,437.172097,436.994813
99.340000,436.961359,437.138618,436.961359
99.360000,436.927907,437.105142,436.927907
99.380000,436.894458,437.071668,436.894458
99.400000,436.861011,437.038197,436.861011
99.420000,436.827567,437.004729,436.827567
99.440000,436.794126,436.971263,436.794126
99.460000,436.760687,436.937801,436.760687
99.480000,436.727252,436.904340,436.727252
99.500000,436.693818,436.870883,436.693818
99.520000,436.660388,436.837428,436.660388
99.540000,436.626960,436.803976,436.626960
99.560000,436.593535,436.770526,436.593535
99.580000,436.560113,436.737079,436.560113
99.600000,436.526693,436.703635,436.526693
99.620000,436.493276,436.670194,436.493276
99.640000,436.459862,436.636755,436.459862
99.660000,436.426450,436.603319,436.426450
99.680000,436.393041,436.569886,436.393041
99.700000,436.359634,436.536455,436.359634
99.720000,436.326231,436.503027,436.326231
99.740000,436.292830,436.469602,436.292830
99.760000,436.259432,436.436179,436.259432
99.780000,436.226036,436.402759,436.226036
99.800000,436.192643,436.369342,436.192643
99.820000,436.159253,436.335927,436.159253
99.840000,436.125865,436.302515,436.125865
99.860000,436.092480,436.269106,436.092480
99.880000,436.059098,436.235700,436.059098
99.900000,436.025718,436.202296,436.025718
99.920000,435.992341,436.168894,435.992341
99.940000,435.958967,436.135496,435.958967
99.960000,435.925596,436.102100,435.925596
99.980000,435.892227,436.068707,435.892227
100.000000,435.858861,436.035317,435.858861
100.020000,435.825497,436.001929,435.825497
100.040000,435.792136,435.968544,435.792136
100.060000,435.758778,435.935161,435.758778
100.080000,435.725423,435.901781,435.725423
100.100000,435.692070,435.868404,435.692070
100.120000,435.658720,435.835030,435.658720
100.140000,435.625372,435.801658,435.625372
100.160000,435.592027,435.768289,435.592027
100.180000,435.558685,435.734923,435.558685
100.200000,435.525346,435.701559,435.525346
100.220000,435.492009,435.668198,435.492009
100.240000,435.458675,435.634840,435.458675
100.260000,435.425343,435.601484,435.425343
100.280000,435.392015,435.568131,435.392015
100.300000,435.358688,435.534781,435.358688
100.320000,435.325365,435.501433,435.325365
100.340000,435.292044,435.468088,435.292044
100.360000,435.258726,435.434746,435.258726
100.380000,435.225411,435.401406,435.225411
100.400000,435.192098,435.368069,435.192098
100.420000,435.158788,435.334735,435.158788
100.440000,435.125480,435.301404,435.125480
100.460000,435.092176,435.268075,435.092176
100.480000,435.058874,435.234748,435.058874
100.500000,435.025574,435.201425,435.025574
100.520000,434.992277,435.168104,434.992277
100.540000,434.958983,435.134786,434.958983
100.560000,434.925692,435.101470,434.925692
100.580000,434.892403,435.068157,434.892403
100.600000,434.859117,435.034847,434.859117
100.620000,434.825834,435.001540,434.825834
100.640000,434.792553,434.968235,434.792553
100.660000,434.759275,434.934933,434.759275
100.680000,434.725999,434.901633,434.725999
100.700000,434.692727,434.868336,434.692727
100.720000,434.659457,434.835042,434.659457
100.740000,434.626189,434.801750,434.626189
100.760000,434.592924,434.768462,434.592924
100.780000,434.559662,434.735175,434.559662
100.800000,434.526403,434.701892,434.526403
100.820000,434.493146,434.668611,434.493146
100.840000,434.459892,434.635333,434.459892
100.860000,434.426641,434.602057,434.426641
100.880000,434.393392,434.568785,434.393392
100.900000,434.360146,434.535514,434.360146
100.920000,434.326902,434.502247,434.326902
100.940000,434.293662,434.468982,434.293662
100.960000,434.260423,434.435720,434.260423
100.980000,434.227188,434.402460,434.227188
101.000000,434.193955,434.369204,434.193955
101.020000,434.160725,434.335949,434.160725
101.040000,434.127498,434.302698,434.127498
101.060000,434.094273,434.269449,434.094273
101.080000,434.061051,434.236203,434.061051
101.100000,434.027831,434.202959,434.027831
101.120000,433.994614,434.169719,433.994614
101.140000,433.961400,434.136480,433.961400
101.160000,433.928189,434.103245,433.928189
101.180000,433.894980,434.070012,433.894980
101.200000,433.861774,434.036782,433.861774
101.220000,433.828570,434.003554,433.828570
101.240000,433.795369,433.970330,433.795369
101.260000,433.762171,433.937107,433.762171
101.280000,433.728975,433.903888,433.728975
101.300000,433.695782,433.870671,433.695782
101.320000,433.662592,433.837457,433.662592
101.340000,433.629405,433.804245,433.629405
101.360000,433.596220,433.771036,433.596220
101.380000,433.563037,433.737830,433.563037
101.400000,433.529858,433.704627,433.529858
101.420000,433.496681,433.671426,433.496681
101.440000,433.463506,433.638227,433.463506
101.460000,433.430335,433.605032,433.430335
101.480000,433.397166,433.571839,433.397166
101.500000,433.363999,433.538649,433.363999
101.520000,433.330836,433.505461,433.330836
101.540000,433.297675,433.472276,433.297675
101.560000,433.264516,433.439094,433.264516
101.580000,433.231361,433.405914,433.231361
101.600000,433.198207,433.372737,433.198207
101.620000,433.165057,433.339563,433.165057
101.640000,433.131909,433.306391,433.131909
101.660000,433.098764,433.273222,433.098764
101.680000,433.065622,433.240056,433.065622
101.700000,433.032482,433.206892,433.032482
101.720000,432.999345,433.173731,432.999345
101.740000,432.966210,433.140573,432.966210
101.760000,432.933078,433.107417,432.933078
101.780000,432.899949,433.074264,432.899949
101.800000,432.866823,433.041114,432.866823
101.820000,432.833699,433.007966,432.833699
101.840000,432.800577,432.974821,432.800577
101.860000,432.767459,432.941679,432.767459
101.880000,432.734343,432.908539,432.734343
101.900000,432.701230,432.875402,432.701230
101.920000,432.668119,432.842267,432.668119
101.940000,432.635011,432.809135,432.635011
101.960000,432.601906,432.776006,432.601906
101.980000,432.568803,432.742880,432.568803
102.000000,432.535703,432.709756,432.535703
102.020000,432.502605,432.676635,432.502605
102.040000,432.469511,432.643516,432.469511
102.060000,432.436419,432.610400,432.436419
102.080000,432.403329,432.577287,432.403329
102.100000,432.370242,432.544177,432.370242
102.120000,432.337158,432.511069,432.337158
102.140000,432.304077,432.477963,432.304077
102.160000,432.270998,432.444861,432.270998
102.180000,432.237922,432.411761,432.237922
102.200000,432.204848,432.378663,432.204848
102.220000,432.171777,432.345569,432.171777
102.240000,432.138709,432.312477,432.138709
102.260000,432.105643,432.279387,432.105643
102.280000,432.072580,432.246301,432.072580
102.300000,432.039520,432.213217,432.039520
102.320000,432.006462,432.180135,432.006462
102.340000,431.973407,432.147056,431.973407
102.360000,431.940355,432.113980,431.940355
102.380000,431.907305,432.080907,431.907305
102.400000,431.874258,432.047836,431.874258
102.420000,431.841213,432.014768,431.841213
102.440000,431.808171,431.981702,431.808171
102.460000,431.775132,431.948639,431.775132
102.480000,431.742095,431.915579,431.742095
102.500000,431.709062,431.882521,431.709062
102.520000,431.676030,431.849467,431.676030
102.540000,431.643002,431.816414,431.643002
102.560000,431.609976,431.783365,431.609976
102.580000,431.576952,431.750318,431.576952
102.600000,431.543932,431.717273,431.543932
102.620000,431.510914,431.684231,431.510914
102.640000,431.477898,431.651192,431.477898
102.660000,431.444885,431.618156,431.444885
102.680000,431.411875,431.585122,431.411875
102.700000,431.378868,431.552091,431.378868
102.720000,431.345863,431.519063,431.345863
102.740000,431.312861,431.486037,431.312861
102.760000,431.279861,431.453014,431.279861
102.780000,431.246864,431.419993,431.246864
102.800000,431.213870,431.386975,431.213870
102.820000,431.180878,431.353960,431.180878
102.840000,431.147889,431.320947,431.147889
102.860000,431.114903,431.287937,431.114903
102.880000,431.081919,431.254930,431.081919
102.900000,431.048938,431.221925,431.048938
102.920000,431.015959,431.188923,431.015959
102.940000,430.982983,431.155924,430.982983
102.960000,430.950010,431.122927,430.950010
102.980000,430.917040,431.089933,430.917040
103.000000,430.884072,431.056941,430.884072
103.020000,430.851106,431.023952,430.851106
103.040000,430.818144,430.990966,430.818144
103.060000,430.785184,430.957983,430.785184
103.080000,430.752226,430.925002,430.752226
103.100000,430.719271,430.892023,430.719271
103.120000,430.686319,430.859048,430.686319
103.140000,430.653370,430.826075,430.653370
103.160000,430.620423,430.793104,430.620423
103.180000,430.587479,430.760137,430.587479
103.200000,430.554537,430.727172,430.554537
103.220000,430.521598,430.694209,430.521598
103.240000,430.488662,430.661249,430.488662
103.260000,430.455728,430.628292,430.455728
103.280000,430.422797,430.595337,430.422797
103.300000,430.389869,430.562386,430.389869
103.320000,430.356943,430.529436,430.356943
103.340000,430.324020,430.496490,430.324020
103.360000,430.291099,430.463546,430.291099
103.380000,430.258181,430.430604,430.258181
103.400000,430.225266,430.397666,430.225266
103.420000,430.192353,430.364729,430.192353
103.440000,430.159443,430.331796,430.159443
103.460000,430.126536,430.298865,430.126536
103.480000,430.093631,430.265937,430.093631
103.500000,430.060729,430.233011,430.060729
103.520000,430.027830,430.200089,430.027830
103.540000,429.994933,430.167168,429.994933
103.560000,429.962038,430.134251,429.962038
103.580000,429.929147,430.101336,429.929147
103.600000,429.896258,430.068423,429.896258
103.620000,429.863372,430.035513,429.863372
103.640000,429.830488,430.002606,429.830488
103.660000,429.797607,429.969702,429.797607
103.680000,429.764728,429.936800,429.764728
103.700000,429.731852,429.903901,429.731852
103.720000,429.698979,429.871004,429.698979
103.740000,429.666109,429.838110,429.666109
103.760000,429.633241,429.805219,429.633241
103.780000,429.600375,429.772330,429.600375
103.800000,429.567513,429.739444,429.567513
103.820000,429.534653,429.706561,429.534653
103.840000,429.501795,429.673680,429.501795
103.860000,429.468940,429.640802,429.468940
103.880000,429.436088,429.607926,429.436088
103.900000,429.403239,429.575053,429.403239
103.920000,429.370392,429.542183,429.370392
103.940000,429.337547,429.509315,429.337547
103.960000,429.304706,429.476450,429.304706
103.980000,429.271867,429.443588,429.271867
104.000000,429.239030,429.410728,429.239030
104.020000,429.206196,429.377871,429.206196
104.040000,429.173365,429.345017,429.173365
104.060000,429.140537,429.312165,429.140537
104.080000,429.107711,429.279315,429.107711
104.100000,429.074887,429.246469,429.074887
104.120000,429.042067,429.213625,429.042067
104.140000,429.009248,429.180783,429.009248
104.160000,428.976433,429.147945,428.976433
104.180000,428.943620,429.115109,428.943620
104.200000,428.910810,429.082275,428.910810
104.220000,428.878002,429.049444,428.878002
104.240000,428.845197,429.016616,428.845197
104.260000,428.812395,428.983790,428.812395
104.280000,428.779595,428.950967,428.779595
104.300000,428.746798,428.918147,428.746798
104.320000,428.714004,428.885329,428.714004
104.340000,428.681212,428.852514,428.681212
104.360000,428.648423,428.819702,428.648423
104.380000,428.615636,428.786892,428.615636
104.400000,428.582852,428.754085,428.582852
104.420000,428.550070,428.721280,428.550070
104.440000,428.517292,428.688478,428.517292
104.460000,428.484516,428.655679,428.484516
104.480000,428.451742,428.622882,428.451742
104.500000,428.418971,428.590088,428.418971
104.520000,428.386203,428.557296,428.386203
104.540000,428.353437,428.524507,428.353437
104.560000,428.320674,428.491721,428.320674
104.580000,428.287914,428.458937,428.287914
104.600000,428.255156,428.426156,428.255156
104.620000,428.222400,428.393378,428.222400
104.640000,428.189648,428.360602,428.189648
104.660000,428.156898,428.327829,428.156898
104.680000,428.124151,428.295059,428.124151
104.700000,428.091406,428.262291,428.091406
104.720000,428.058664,428.229525,428.058664
104.740000,428.025924,428.196763,428.025924
104.760000,427.993187,428.164003,427.993187
104.780000,427.960453,428.131245,427.960453
104.800000,427.927721,428.098490,427.927721
104.820000,427.894992,428.065738,427.894992
104.840000,427.862266,428.032989,427.862266
104.860000,427.829542,428.000242,427.829542
104.880000,427.796821,427.967497,427.796821
104.900000,427.764102,427.934756,427.764102
104.920000,427.731386,427.902017,427.731386
104.940000,427.698673,427.869280,427.698673
104.960000,427.665962,427.836546,427.665962
104.980000,427.633254,427.803815,427.633254
105.000000,427.600548,427.771086,427.600548
105.020000,427.567845,427.738360,427.567845
105.040000,427.535145,427.705637,427.535145
105.060000,427.502447,427.672916,427.502447
105.080000,427.469752,427.640198,427.469752
105.100000,427.437060,427.607482,427.437060
105.120000,427.404370,427.574769,427.404370
105.140000,427.371682,427.542059,427.371682
105.160000,427.338998,427.509351,427.338998
105.180000,427.306316,427.476646,427.306316
105.200000,427.273636,427.443944,427.273636
105.220000,427.240959,427.411244,427.240959
105.240000,427.208285,427.378547,427.208285
105.260000,427.175614,427.345852,427.175614
105.280000,427.142945,427.313160,427.142945
105.300000,427.110278,427.280471,427.110278
105.320000,427.077614,427.247784,427.077614
105.340000,427.044953,427.215100,427.044953
105.360000,427.012295,427.182418,427.012295
105.380000,426.979639,427.149739,426.979639
105.400000,426.946985,427.117063,426.946985
105.420000,426.914334,427.084389,426.914334
105.440000,426.881686,427.051718,426.881686
105.460000,426.849041,427.019049,426.849041
105.480000,426.816398,426.986383,426.816398
105.500000,426.783758,426.953720,426.783758
105.520000,426.751120,426.921059,426.751120
105.540000,426.718485,426.888401,426.718485
105.560000,426.685852,426.855746,426.685852
105.580000,426.653222,426.823093,426.653222
105.600000,426.620595,426.790443,426.620595
105.620000,426.587970,426.757795,426.587970
105.640000,426.555348,426.725150,426.555348
105.660000,426.522729,426.692508,426.522729
105.680000,426.490112,426.659868,426.490112
105.700000,426.457498,426.627231,426.457498
105.720000,426.424886,426.594596,426.424886
105.740000,426.392277,426.561964,426.392277
105.760000,426.359670,426.529335,426.359670
105.780000,426.327067,426.496708,426.327067
105.800000,426.294465,426.464084,426.294465
105.820000,426.261867,426.431462,426.261867
105.840000,426.229271,426.398843,426.229271
105.860000,426.196677,426.366227,426.196677
105.880000,426.164086,426.333613,426.164086
105.900000,426.131498,426.301002,426.131498
105.920000,426.098912,426.268394,426.098912
105.940000,426.066329,426.235788,426.066329
105.960000,426.033749,426.203184,426.033749
105.980000,426.001171,426.170584,426.001171
106.000000,425.968596,426.137985,425.968596
106.020000,425.936023,426.105390,425.936023
106.040000,425.903453,426.072797,425.903453
106.060000,425.870886,426.040207,425.870886
106.080000,425.838321,426.007619,425.838321
106.100000,425.805759,425.975034,425.805759
106.120000,425.773199,425.942452,425.773199
106.140000,425.740642,425.909872,425.740642
106.160000,425.708087,425.877294,425.708087
106.180000,425.675536,425.844720,425.675536
106.200000,425.642986,425.812148,425.642986
106.220000,425.610440,425.779578,425.610440
106.240000,425.577896,425.747011,425.577896
106.260000,425.545354,425.714447,425.545354
106.280000,425.512815,425.681885,425.512815
106.300000,425.480279,425.649326,425.480279
106.320000,425.447745,425.616770,425.447745
106.340000,425.415214,425.584216,425.415214
106.360000,425.382686,425.551665,425.382686
106.380000,425.350160,425.519116,425.350160
106.400000,425.317637,425.486570,425.317637
106.420000,425.285116,425.454027,425.285116
106.440000,425.252598,425.421486,425.252598
106.460000,425.220082,425.388948,425.220082
106.480000,425.187569,425.356412,425.187569
106.500000,425.155059,425.323879,425.155059
106.520000,425.122551,425.291348,425.122551
106.540000,425.090046,425.258821,425.090046
106.560000,425.057544,425.226295,425.057544
106.580000,425.025044,425.193773,425.025044
106.600000,424.992547,425.161253,424.992547
106.620000,424.960052,425.128735,424.960052
106.640000,424.927560,425.096220,424.927560
106.660000,424.895070,425.063708,424.895070
106.680000,424.862583,425.031198,424.862583
106.700000,424.830099,424.998691,424.830099
106.720000,424.797617,424.966187,424.797617
106.740000,424.765138,424.933685,424.765138
106.760000,424.732661,424.901186,424.732661
106.780000,424.700187,424.868689,424.700187
106.800000,424.667716,424.836195,424.667716
106.820000,424.635247,424.803703,424.635247
106.840000,424.602781,424.771214,424.602781
106.860000,424.570317,424.738728,424.570317
106.880000,424.537856,424.706244,424.537856
106.900000,424.505398,424.673763,424.505398
106.920000,424.472942,424.641285,424.472942
106.940000,424.440488,424.608809,424.440488
106.960000,424.408038,424.576336,424.408038
106.980000,424.375590,424.543865,424.375590
107.000000,424.343144,424.511397,424.343144
107.020000,424.310701,424.478931,424.310701
107.040000,424.278261,424.446468,424.278261
107.060000,424.245823,424.414008,424.245823
107.080000,424.213388,424.381550,424.213388
107.100000,424.180955,424.349095,424.180955
107.120000,424.148525,424.316642,424.148525
107.140000,424.116098,424.284192,424.116098
107.160000,424.083673,424.251745,424.083673
107.180000,424.051251,424.219300,424.051251
107.200000,424.018831,424.186858,424.018831
107.220000,423.986414,424.154418,423.986414
107.240000,423.954000,424.121981,423.954000
107.260000,423.921588,424.089547,423.921588
107.280000,423.889179,424.057115,423.889179
107.300000,423.856772,424.024685,423.856772
107.320000,423.824368,423.992259,423.824368
107.340000,423.791966,423.959835,423.791966
107.360000,423.759567,423.927413,423.759567
107.380000,423.727171,423.894994,423.727171
107.400000,423.694777,423.862578,423.694777
107.420000,423.662386,423.830164,423.662386
107.440000,423.629997,423.797753,423.629997
107.460000,423.597611,423.765345,423.597611
107.480000,423.565228,423.732939,423.565228
107.500000,423.532847,423.700535,423.532847
107.520000,423.500469,423.668134,423.500469
107.540000,423.468093,423.635736,423.468093
107.560000,423.435720,423.603341,423.435720
107.580000,423.403349,423.570948,423.403349
107.600000,423.370981,423.538557,423.370981
107.620000,423.338616,423.506169,423.338616
107.640000,423.306253,423.473784,423.306253
107.660000,423.273893,423.441401,423.273893
107.680000,423.241536,423.409021,423.241536
107.700000,423.209180,423.376644,423.209180
107.720000,423.176828,423.344269,423.176828
107.740000,423.144478,423.311896,423.144478
107.760000,423.112131,423.279527,423.112131
107.780000,423.079786,423.247159,423.079786
107.800000,423.047444,423.214795,423.047444
107.820000,423.015104,423.182433,423.015104
107.840000,422.982767,423.150073,422.982767
107.860000,422.950433,423.117717,422.950433
107.880000,422.918101,423.085362,422.918101
107.900000,422.885772,423.053011,422.885772
107.920000,422.853445,423.020662,422.853445
107.940000,422.821121,422.988315,422.821121
107.960000,422.788800,422.955971,422.788800
107.980000,422.756481,422.923630,422.756481
108.000000,422.724164,422.891291,422.724164
108.020000,422.691851,422.858955,422.691851
108.040000,422.659540,422.826621,422.659540
108.060000,422.627231,422.794290,422.627231
108.080000,422.594925,422.761962,422.594925
108.100000,422.562621,422.729636,422.562621
108.120000,422.530321,422.697313,422.530321
108.140000,422.498022,422.664992,422.498022
108.160000,422.465726,422.632674,422.465726
108.180000,422.433433,422.600358,422.433433
108.200000,422.401143,422.568045,422.401143
108.220000,422.368855,422.535735,422.368855
108.240000,422.336569,422.503427,422.336569
108.260000,422.304286,422.471122,422.304286
108.280000,422.272006,422.438819,422.272006
108.300000,422.239728,422.406519,422.239728
108.320000,422.207453,422.374222,422.207453
108.340000,422.175181,422.341927,422.175181
108.360000,422.142911,422.309635,422.142911
108.380000,422.110643,422.277345,422.110643
108.400000,422.078379,422.245058,422.078379
108.420000,422.046116,422.212773,422.046116
108.440000,422.013857,422.180491,422.013857
108.460000,421.981599,422.148212,421.981599
108.480000,421.949345,422.115935,421.949345
108.500000,421.917093,422.083661,421.917093
108.520000,421.884844,422.051389,421.884844
108.540000,421.852597,422.019120,421.852597
108.560000,421.820352,421.986853,421.820352
108.580000,421.788111,421.954589,421.788111
108.600000,421.755872,421.922328,421.755872
108.620000,421.723635,421.890069,421.723635
108.640000,421.691401,421.857813,421.691401
108.660000,421.659170,421.825559,421.659170
108.680000,421.626941,421.793308,421.626941
108.700000,421.594715,421.761059,421.594715
108.720000,421.562491,421.728814,421.562491
108.740000,421.530270,421.696570,421.530270
108.760000,421.498051,421.664329,421.498051
108.780000,421.465835,421.632091,421.465835
108.800000,421.433622,421.599855,421.433622
108.820000,421.401411,421.567622,421.401411
108.840000,421.369203,421.535392,421.369203
108.860000,421.336997,421.503164,421.336997
108.880000,421.304794,421.470939,421.304794
108.900000,421.272593,421.438716,421.272593
108.920000,421.240395,421.406496,421.240395
108.940000,421.208200,421.374278,421.208200
108.960000,421.176007,421.342063,421.176007
108.980000,421.143817,421.309850,421.143817
109.000000,421.111629,421.277640,421.111629
109.020000,421.079444,421.245433,421.079444
109.040000,421.047261,421.213228,421.047261
109.060000,421.015081,421.181026,421.015081
109.080000,420.982904,421.148826,420.982904
109.100000,420.950729,421.116629,420.950729
109.120000,420.918556,421.084435,420.918556
109.140000,420.886387,421.052243,420.886387
109.160000,420.854219,421.020053,420.854219
109.180000,420.822055,420.987867,420.822055
109.200000,420.789893,420.955682,420.789893
109.220000,420.757733,420.923501,420.757733
109.240000,420.725576,420.891322,420.725576
109.260000,420.693422,420.859145,420.693422
109.280000,420.661270,420.826971,420.661270
109.300000,420.629121,420.794800,420.629121
109.320000,420.596974,420.762631,420.596974
109.340000,420.564830,420.730465,420.564830
109.360000,420.532688,420.698301,420.532688
109.380000,420.500549,420.666140,420.500549
109.400000,420.468413,420.633981,420.468413
109.420000,420.436279,420.601825,420.436279
109.440000,420.404148,420.569672,420.404148
109.460000,420.372019,420.537521,420.372019
109.480000,420.339893,420.505373,420.339893
109.500000,420.307769,420.473227,420.307769
109.520000,420.275648,420.441084,420.275648
109.540000,420.243529,420.408943,420.243529
109.560000,420.211413,420.376805,420.211413
109.580000,420.179300,420.344670,420.179300
109.600000,420.147189,420.312537,420.147189
109.620000,420.115081,420.280407,420.115081
109.640000,420.082975,420.248279,420.082975
109.660000,420.050872,420.216154,420.050872
109.680000,420.018771,420.184031,420.018771
109.700000,419.986673,420.151911,419.986673
109.720000,419.954578,420.119793,419.954578
109.740000,419.922485,420.087678,419.922485
109.760000,419.890395,420.055566,419.890395
109.780000,419.858307,420.023456,419.858307
109.800000,419.826222,419.991349,419.826222
109.820000,419.794139,419.959244,419.794139
109.840000,419.762059,419.927142,419.762059
109.860000,419.729981,419.895042,419.729981
109.880000,419.697906,419.862945,419.697906
109.900000,419.665834,419.830851,419.665834
109.920000,419.633764,419.798759,419.633764
109.940000,419.601696,419.766670,419.601696
109.960000,419.569632,419.734583,419.569632
109.980000,419.537569,419.702499,419.537569
110.000000,419.505510,419.670417,419.505510
110.020000,419.473453,419.638338,419.473453
110.040000,419.441398,419.606261,419.441398
110.060000,419.409346,419.574187,419.409346
110.080000,419.377297,419.542116,419.377297
110.100000,419.345250,419.510047,419.345250
110.120000,419.313205,419.477981,419.313205
110.140000,419.281164,419.445917,419.281164
110.160000,419.249124,419.413856,419.249124
110.180000,419.217088,419.381797,419.217088
110.200000,419.185053,419.349741,419.185053
110.220000,419.153022,419.317688,419.153022
110.240000,419.120993,419.285637,419.120993
110.260000,419.088966,419.253588,419.088966
110.280000,419.056942,419.221543,419.056942
110.300000,419.024921,419.189499,419.024921
110.320000,418.992902,419.157459,418.992902
110.340000,418.960886,419.125420,418.960886
110.360000,418.928872,419.093385,418.928872
110.380000,418.896861,419.061352,418.896861
110.400000,418.864853,419.029321,418.864853
110.420000,418.832846,418.997293,418.832846
110.440000,418.800843,418.965268,418.800843
110.460000,418.768842,418.933245,418.768842
110.480000,418.736844,418.901225,418.736844
110.500000,418.704848,418.869207,418.704848
110.520000,418.672854,418.837192,418.672854
110.540000,418.640864,418.805179,418.640864
110.560000,418.608875,418.773169,418.608875
110.580000,418.576890,418.741162,418.576890
110.600000,418.544907,418.709157,418.544907
110.620000,418.512926,418.677154,418.512926
110.640000,418.480948,418.645155,418.480948
110.660000,418.448973,418.613157,418.448973
110.680000,418.417000,418.581162,418.417000
110.700000,418.385029,418.549170,418.385029
110.720000,418.353062,418.517181,418.353062
110.740000,418.321096,418.485194,418.321096
110.760000,418.289134,418.453209,418.289134
110.780000,418.257173,418.421227,418.257173
110.800000,418.225216,418.389248,418.225216
110.820000,418.193261,418.357271,418.193261
110.840000,418.161308,418.325296,418.161308
110.860000,418.129358,418.293325,418.129358
110.880000,418.097411,418.261355,418.097411
110.900000,418.065466,418.229389,418.065466
110.920000,418.033524,418.197425,418.033524
110.940000,418.001584,418.165463,418.001584
110.960000,417.969647,418.133504,417.969647
110.980000,417.937712,418.101548,417.937712
111.000000,417.905780,418.069594,417.905780
111.020000,417.873850,418.037642,417.873850
111.040000,417.841923,418.005693,417.841923
111.060000,417.809998,417.973747,417.809998
111.080000,417.778076,417.941803,417.778076
111.100000,417.746157,417.909862,417.746157
111.120000,417.714240,417.877924,417.714240
111.140000,417.682326,417.845988,417.682326
111.160000,417.650414,417.814054,417.650414
111.180000,417.618505,417.782123,417.618505
111.200000,417.586598,417.750195,417.586598
111.220000,417.554694,417.718269,417.554694
111.240000,417.522792,417.686345,417.522792
111.260000,417.490893,417.654424,417.490893
111.280000,417.458997,417.622506,417.458997
111.300000,417.427103,417.590591,417.427103
111.320000,417.395211,417.558677,417.395211
111.340000,417.363322,417.526767,417.363322
111.360000,417.331436,417.494859,417.331436
111.380000,417.299552,417.462953,417.299552
111.400000,417.267671,417.431050,417.267671
111.420000,417.235792,417.399150,417.235792
111.440000,417.203916,417.367252,417.203916
111.460000,417.172042,417.335356,417.172042
111.480000,417.140171,417.303464,417.140171
111.500000,417.108302,417.271573,417.108302
111.520000,417.076436,417.239686,417.076436
111.540000,417.044573,417.207800,417.044573
111.560000,417.012712,417.175918,417.012712
111.580000,416.980853,417.144038,416.980853
111.600000,416.948997,417.112160,416.948997
111.620000,416.917144,417.080285,416.917144
111.640000,416.885293,417.048413,416.885293
111.660000,416.853445,417.016543,416.853445
111.680000,416.821599,416.984675,416.821599
111.700000,416.789756,416.952811,416.789756
111.720000,416.757915,416.920948,416.757915
111.740000,416.726077,416.889089,416.726077
111.760000,416.694241,416.857231,416.694241
111.780000,416.662408,416.825377,416.662408
111.800000,416.630578,416.793525,416.630578
111.820000,416.598750,416.761675,416.598750
111.840000,416.566924,416.729828,416.566924
111.860000,416.535101,416.697983,416.535101
111.880000,416.503281,416.666141,416.503281
111.900000,416.471463,416.634302,416.471463
111.920000,416.439648,416.602465,416.439648
111.940000,416.407835,416.570631,416.407835
111.960000,416.376025,416.538799,416.376025
111.980000,416.344217,416.506970,416.344217
112.000000,416.312412,416.475143,416.312412
112.020000,416.280609,416.443319,416.280609
112.040000,416.248809,416.411497,416.248809
112.060000,416.217012,416.379678,416.217012
112.080000,416.185217,416.347861,416.185217
112.100000,416.153424,416.316047,416.153424
112.120000,416.121634,416.284236,416.121634
112.140000,416.089847,416.252427,416.089847
112.160000,416.058062,416.220621,416.058062
112.180000,416.026279,416.188817,416.026279
112.200000,415.994500,416.157015,415.994500
112.220000,415.962722,416.125216,415.962722
112.240000,415.930947,416.093420,415.930947
112.260000,415.899175,416.061626,415.899175
112.280000,415.867405,416.029835,415.867405
112.300000,415.835638,415.998047,415.835638
112.320000,415.803874,415.966260,415.803874
112.340000,415.772112,415.934477,415.772112
112.360000,415.740352,415.902696,415.740352
112.380000,415.708595,415.870917,415.708595
112.400000,415.676840,415.839141,415.676840
112.420000,415.645088,415.807368,415.645088
112.440000,415.613339,415.775597,415.613339
112.460000,415.581592,415.743828,415.581592
112.480000,415.549847,415.712062,415.549847
112.500000,415.518106,415.680299,415.518106
